 file = Vint18251_31_nw4sg4nFnC
..\data\comtec\18251\    c:\naanalysis\18infiles\lg18251_31.nw4
The analysis was done on Sat Sep 08 09:28:43 2018
      10 sets of data taken at intervals centered at UT times
   2.50    3.50    4.50    5.50    6.50    7.50    8.50    9.50   10.50   11.50
number of good crossover files(      1000.00 shots) in each interval
   8   56   59   56   30   55   59   33   40    6
number of good peak files(      1000.00 shots) in each interval
   8   56   59   56   30   55   59   33   40    6
  31 bins ( 149.9 m full width) used in Hanning smoothing giving a resolution of
   2.3 km
 Calc temperatures in deg K, sodium densities in atoms/m^3, vel in m/sec
  with lower and upper velocity limits imposed -100.0  100.0  m/sec
   999.9 m/sec is the maximum imposed on the velocity error bars 
cutoffs at photon levels:  altitudes (km) 
lower cutoffs for each interval
   1.00   77.86   78.63   79.15   78.24   78.63   79.54   80.58   82.79   82.27   82.92
   3.30   78.37   79.28   79.41   78.50   79.02   80.19   81.23   83.18   82.66   83.18
   8.30   78.89   79.80   79.67   78.89   79.41   80.84   82.01   83.57   83.05   83.44
  16.70   79.28   80.45   79.93   79.15   79.80   81.49   82.92   83.96   83.44   83.70
  33.30   80.06   81.10   80.32   79.54   80.45   82.14   84.61   84.48   83.83   83.96
upper cutoffs for each interval:  altitudes (km) 
   1.00  110.96  108.23  110.96  111.22  110.57  108.62  107.45  110.57  109.66  107.58
   3.30  104.08  104.99  107.06  107.58  106.54  105.64  103.30  107.32  106.54  105.90
   8.30  102.39  101.48  103.69  105.12  103.82  103.04  101.48  105.38  104.21  101.61
  16.70  100.70   99.79  102.26  102.78  102.13  101.87  100.18  103.30  102.00   99.66
  33.30   99.14   98.63   99.92  100.83  100.70  100.70   98.76  102.26  100.83   98.76
 UT hours at center of interval
 e.g. Vint5.5 is vel (m/s) from 5 to 6 for hour intervals
 altit  VPhottoNite__31_nw4sg4nFnC VAvgNite__31_nw4sg4nFnC  Vint2.50__31_nw4sg4nFnC  Vint3.50__31_nw4sg4nFnC  Vint4.50__31_nw4sg4nFnC  Vint5.50__31_nw4sg4nFnC  Vint6.50__31_nw4sg4nFnC  Vint7.50__31_nw4sg4nFnC  Vint8.50__31_nw4sg4nFnC  Vint9.50__31_nw4sg4nFnC  Vint10.50__31_nw4sg4nFnC  Vint11.50__31_nw4sg4nFnC  ErVintV2.50__31_nw4sg4nFnC  ErVintV3.50__31_nw4sg4nFnC  ErVintV4.50__31_nw4sg4nFnC  ErVintV5.50__31_nw4sg4nFnC  ErVintV6.50__31_nw4sg4nFnC  ErVintV7.50__31_nw4sg4nFnC  ErVintV8.50__31_nw4sg4nFnC  ErVintV9.50__31_nw4sg4nFnC  ErVintV10.50__31_nw4sg4nFnC  ErVintV11.50__31_nw4sg4nFnC  ErVNiteV__31_nw4sg4nFnC
  69.937   100.00   -10.35   100.00   100.00   -10.35   100.00   100.00   100.00   100.00   100.00   100.00   100.00   999.80   999.80    75.48   999.80   999.80   999.80   999.80   999.80   999.80   999.80   999.50
  70.067   100.00     0.00   100.00   100.00   100.00   100.00   100.00   100.00   100.00   100.00   100.00   100.00   999.80   999.80   999.80   999.80   999.80   999.80   999.80   999.80   999.80   999.80   999.50
  70.196   100.00     0.00   100.00   100.00   100.00   100.00   100.00   100.00   100.00   100.00   100.00   100.00   999.80   999.80   999.80   999.80   999.80   999.80   999.80   999.80   999.80   999.80   999.50
  70.326   100.00   -68.69   100.00   100.00   -68.69   100.00   100.00   100.00   100.00   100.00   100.00   100.00   999.80   999.80    64.56   999.80   999.80   999.80   999.80   999.80   999.80   999.80   999.50
  70.456   100.00     0.00   100.00   100.00   100.00   100.00   100.00   100.00   100.00   100.00   100.00   100.00   999.80   999.80   999.80   999.80   999.80   999.80   999.80   999.80   999.80   999.80   999.50
  70.586   100.00     0.00   100.00   100.00   100.00   100.00   100.00   100.00   100.00   100.00   100.00   100.00   999.80   999.80   999.80   999.80   999.80   999.80   999.80   999.80   999.80   999.80   999.50
  70.716   100.00     0.00   100.00   100.00   100.00   100.00   100.00   100.00   100.00   100.00   100.00   100.00   999.80   999.80   999.80   999.80   999.80   999.80   999.80   999.80   999.80   999.80   999.50
  70.846   100.00     0.00   100.00   100.00   100.00   100.00   100.00   100.00   100.00   100.00   100.00   100.00   999.80   999.80   999.80   999.80   999.80   999.80   999.80   999.80   999.80   999.80   999.50
  70.975   100.00     0.00   100.00   100.00   100.00   100.00   100.00   100.00   100.00   100.00   100.00   100.00   999.80   999.80   999.80   999.80   999.80   999.80   999.80   999.80   999.80   999.80   999.50
  71.105   100.00     0.00   100.00   100.00   100.00   100.00   100.00   100.00   100.00   100.00   100.00   100.00   999.80   999.80   999.80   999.80   999.80   999.80   999.80   999.80   999.80   999.80   999.50
  71.235   100.00     0.00   100.00   100.00   100.00   100.00   100.00   100.00   100.00   100.00   100.00   100.00   999.80   999.80   999.80   999.80   999.80   999.80   999.80   999.80   999.80   999.80   999.50
  71.365   100.00     0.00   100.00   100.00   100.00   100.00   100.00   100.00   100.00   100.00   100.00   100.00   999.80   999.80   999.80   999.80   999.80   999.80   999.80   999.80   999.80   999.80   999.50
  71.495   100.00     0.00   100.00   100.00   100.00   100.00   100.00   100.00   100.00   100.00   100.00   100.00   999.80   999.80   999.80   999.80   999.80   999.80   999.80   999.80   999.80   999.80   999.50
  71.624    35.79     0.00   100.00   100.00   100.00   100.00   100.00   100.00   100.00   100.00   100.00   100.00   999.80   999.80   999.80   999.80   999.80   999.80   999.80   999.80   999.80   999.80    35.88
  71.754   100.00     0.00   100.00   100.00   100.00   100.00   100.00   100.00   100.00   100.00   100.00   100.00   999.80   999.80   999.80   999.80   999.80   999.80   999.80   999.80   999.80   999.80   999.50
  71.884   100.00     0.00   100.00   100.00   100.00   100.00   100.00   100.00   100.00   100.00   100.00   100.00   999.80   999.80   999.80   999.80   999.80   999.80   999.80   999.80   999.80   999.80   999.50
  72.014   100.00     0.00   100.00   100.00   100.00   100.00   100.00   100.00   100.00   100.00   100.00   100.00   999.80   999.80   999.80   999.80   999.80   999.80   999.80   999.80   999.80   999.80   999.50
  72.144   100.00     0.00   100.00   100.00   100.00   100.00   100.00   100.00   100.00   100.00   100.00   100.00   999.80   999.80   999.80   999.80   999.80   999.80   999.80   999.80   999.80   999.80   999.50
  72.274   100.00     0.00   100.00   100.00   100.00   100.00   100.00   100.00   100.00   100.00   100.00   100.00   999.80   999.80   999.80   999.80   999.80   999.80   999.80   999.80   999.80   999.80   999.50
  72.403   100.00     0.00   100.00   100.00   100.00   100.00   100.00   100.00   100.00   100.00   100.00   100.00   999.80   999.80   999.80   999.80   999.80   999.80   999.80   999.80   999.80   999.80   999.50
  72.533   100.00     0.00   100.00   100.00   100.00   100.00   100.00   100.00   100.00   100.00   100.00   100.00   999.80   999.80   999.80   999.80   999.80   999.80   999.80   999.80   999.80   999.80   999.50
  72.663   100.00     0.00   100.00   100.00   100.00   100.00   100.00   100.00   100.00   100.00   100.00   100.00   999.80   999.80   999.80   999.80   999.80   999.80   999.80   999.80   999.80   999.80   999.50
  72.793   100.00     0.00   100.00   100.00   100.00   100.00   100.00   100.00   100.00   100.00   100.00   100.00   999.80   999.80   999.80   999.80   999.80   999.80   999.80   999.80   999.80   999.80   999.50
  72.923   100.00     0.00   100.00   100.00   100.00   100.00   100.00   100.00   100.00   100.00   100.00   100.00   999.80   999.80   999.80   999.80   999.80   999.80   999.80   999.80   999.80   999.80   999.50
  73.052   100.00     0.00   100.00   100.00   100.00   100.00   100.00   100.00   100.00   100.00   100.00   100.00   999.80   999.80   999.80   999.80   999.80   999.80   999.80   999.80   999.80   999.80   999.50
  73.182   100.00     0.00   100.00   100.00   100.00   100.00   100.00   100.00   100.00   100.00   100.00   100.00   999.80   999.80   999.80   999.80   999.80   999.80   999.80   999.80   999.80   999.80   999.50
  73.312   100.00     0.00   100.00   100.00   100.00   100.00   100.00   100.00   100.00   100.00   100.00   100.00   999.80   999.80   999.80   999.80   999.80   999.80   999.80   999.80   999.80   999.80   999.50
  73.442   100.00     0.00   100.00   100.00   100.00   100.00   100.00   100.00   100.00   100.00   100.00   100.00   999.80   999.80   999.80   999.80   999.80   999.80   999.80   999.80   999.80   999.80   999.50
  73.572   100.00     0.00   100.00   100.00   100.00   100.00   100.00   100.00   100.00   100.00   100.00   100.00   999.80   999.80   999.80   999.80   999.80   999.80   999.80   999.80   999.80   999.80   999.50
  73.701   100.00     0.00   100.00   100.00   100.00   100.00   100.00   100.00   100.00   100.00   100.00   100.00   999.80   999.80   999.80   999.80   999.80   999.80   999.80   999.80   999.80   999.80   999.50
  73.831   100.00     0.00   100.00   100.00   100.00   100.00   100.00   100.00   100.00   100.00   100.00   100.00   999.80   999.80   999.80   999.80   999.80   999.80   999.80   999.80   999.80   999.80   999.50
  73.961   100.00     0.00   100.00   100.00   100.00   100.00   100.00   100.00   100.00   100.00   100.00   100.00   999.80   999.80   999.80   999.80   999.80   999.80   999.80   999.80   999.80   999.80   999.50
  74.091   100.00     0.00   100.00   100.00   100.00   100.00   100.00   100.00   100.00   100.00   100.00   100.00   999.80   999.80   999.80   999.80   999.80   999.80   999.80   999.80   999.80   999.80   999.50
  74.221   100.00     0.00   100.00   100.00   100.00   100.00   100.00   100.00   100.00   100.00   100.00   100.00   999.80   999.80   999.80   999.80   999.80   999.80   999.80   999.80   999.80   999.80   999.50
  74.351   100.00   -47.51   100.00   100.00   100.00   100.00   100.00   -47.51   100.00   100.00   100.00   100.00   999.80   999.80   999.80   999.80   999.80   470.68   999.80   999.80   999.80   999.80   999.50
  74.480   100.00    21.42   100.00   100.00   100.00   100.00   100.00    21.42   100.00   100.00   100.00   100.00   999.80   999.80   999.80   999.80   999.80   473.92   999.80   999.80   999.80   999.80   999.50
  74.610   100.00     0.00   100.00   100.00   100.00   100.00   100.00   100.00   100.00   100.00   100.00   100.00   999.80   999.80   999.80   999.80   999.80   999.80   999.80   999.80   999.80   999.80   999.50
  74.740    75.93     0.00   100.00   100.00   100.00   100.00   100.00   100.00   100.00   100.00   100.00   100.00   999.80   999.80   999.80   999.80   999.80   999.80   999.80   999.80   999.80   999.80   167.74
  74.870    58.91     0.00   100.00   100.00   100.00   100.00   100.00   100.00   100.00   100.00   100.00   100.00   999.80   999.80   999.80   999.80   999.80   999.80   999.80   999.80   999.80   999.80   138.95
  75.000    50.16   -85.29   -85.29   100.00   100.00   100.00   100.00   100.00   100.00   100.00   100.00   100.00   258.13   999.80   999.80   999.80   999.80   999.80   999.80   999.80   999.80   999.80   125.71
  75.129    47.97   -62.10   -62.10   100.00   100.00   100.00   100.00   100.00   100.00   100.00   100.00   100.00   241.93   999.80   999.80   999.80   999.80   999.80   999.80   999.80   999.80   999.80   116.11
  75.259    51.44   -43.57   -43.57   100.00   100.00   100.00   100.00   100.00   100.00   100.00   100.00   100.00   231.53   999.80   999.80   999.80   999.80   999.80   999.80   999.80   999.80   999.80   110.06
  75.389    57.00   -27.97   -27.97   100.00   100.00   100.00   100.00   100.00   100.00   100.00   100.00   100.00   227.52   999.80   999.80   999.80   999.80   999.80   999.80   999.80   999.80   999.80   106.31
  75.519    68.41   -13.95   -13.95   100.00   100.00   100.00   100.00   100.00   100.00   100.00   100.00   100.00   229.57   999.80   999.80   999.80   999.80   999.80   999.80   999.80   999.80   999.80   104.65
  75.649    82.53    -0.81    -0.81   100.00   100.00   100.00   100.00   100.00   100.00   100.00   100.00   100.00   236.83   999.80   999.80   999.80   999.80   999.80   999.80   999.80   999.80   999.80   105.29
  75.778    97.62    11.14    11.14   100.00   100.00   100.00   100.00   100.00   100.00   100.00   100.00   100.00   248.17   999.80   999.80   999.80   999.80   999.80   999.80   999.80   999.80   999.80   108.45
  75.908   100.00    21.76    21.76   100.00   100.00   100.00   100.00   100.00   100.00   100.00   100.00   100.00   263.40   999.80   999.80   999.80   999.80   999.80   999.80   999.80   999.80   999.80   999.50
  76.038   100.00    31.05    31.05   100.00   100.00   100.00   100.00   100.00   100.00   100.00   100.00   100.00   282.66   999.80   999.80   999.80   999.80   999.80   999.80   999.80   999.80   999.80   999.50
  76.168   100.00   -34.72    37.79   100.00   100.00   100.00   -54.05   100.00   100.00   100.00   100.00   100.00   307.79   999.80   999.80   999.80   999.90   999.80   999.80   999.80   999.80   999.80   999.50
  76.298   100.00     0.00   100.00   100.00   100.00   100.00   100.00   100.00   100.00   100.00   100.00   100.00   999.80   999.80   999.80   999.80   999.80   999.80   999.80   999.80   999.80   999.80   999.50
  76.428   100.00   -55.49   100.00   -93.76   100.00   100.00   100.00   -16.52   100.00   100.00   100.00   100.00   999.80   257.89   999.80   999.80   999.80   999.90   999.80   999.80   999.80   999.80   999.50
  76.557   100.00   -45.03   100.00   -45.03   100.00   100.00   100.00   100.00   100.00   100.00   100.00   100.00   999.80   266.38   999.80   999.80   999.80   999.80   999.80   999.80   999.80   999.80   999.50
  76.687   100.00     7.88   100.00     7.88   100.00   100.00   100.00   100.00   100.00   100.00   100.00   100.00   999.80   292.24   999.80   999.80   999.80   999.80   999.80   999.80   999.80   999.80   999.50
  76.817   100.00    64.16   100.00    64.16   100.00   100.00   100.00   100.00   100.00   100.00   100.00   100.00   999.80   350.20   999.80   999.80   999.80   999.80   999.80   999.80   999.80   999.80   999.50
  76.947   100.00     0.00   100.00   100.00   100.00   100.00   100.00   100.00   100.00   100.00   100.00   100.00   999.80   999.80   999.80   999.80   999.80   999.80   999.80   999.80   999.80   999.80   999.50
  77.077   100.00     0.00   100.00   100.00   100.00   100.00   100.00   100.00   100.00   100.00   100.00   100.00   999.80   999.80   999.80   999.80   999.80   999.80   999.80   999.80   999.80   999.80   999.50
  77.206   100.00     0.00   100.00   100.00   100.00   100.00   100.00   100.00   100.00   100.00   100.00   100.00   999.80   999.80   999.80   999.80   999.80   999.80   999.80   999.80   999.80   999.80   999.50
  77.336   100.00     0.00   100.00   100.00   100.00   100.00   100.00   100.00   100.00   100.00   100.00   100.00   999.80   999.80   999.80   999.80   999.80   999.80   999.80   999.80   999.80   999.80   999.50
  77.466   100.00     0.00   100.00   100.00   100.00   100.00   100.00   100.00   100.00   100.00   100.00   100.00   999.80   999.80   999.80   999.80   999.80   999.80   999.80   999.80   999.80   999.80   999.50
  77.596   100.00     0.00   100.00   100.00   100.00   100.00   100.00   100.00   100.00   100.00   100.00   100.00   999.80   999.80   999.80   999.80   999.80   999.80   999.80   999.80   999.80   999.80   999.50
  77.726   100.00     0.00   100.00   100.00   100.00   100.00   100.00   100.00   100.00   100.00   100.00   100.00   999.80   999.80   999.80   999.80   999.80   999.80   999.80   999.80   999.80   999.80   999.50
  77.856   100.00     0.00   100.00   100.00   100.00   100.00   100.00   100.00   100.00   100.00   100.00   100.00   999.80   999.80   999.80   999.80   999.80   999.80   999.80   999.80   999.80   999.80   999.50
  77.985   100.00     0.00   100.00   100.00   100.00   100.00   100.00   100.00   100.00   100.00   100.00   100.00   999.80   999.80   999.80   999.80   999.80   999.80   999.80   999.80   999.80   999.80   999.50
  78.115   100.00     0.00   100.00   100.00   100.00   100.00   100.00   100.00   100.00   100.00   100.00   100.00   999.80   999.80   999.80   999.80   999.80   999.80   999.80   999.80   999.80   999.80   999.50
  78.245   100.00   -74.33   100.00   100.00   100.00   -74.33   100.00   100.00   100.00   100.00   100.00   100.00   999.80   999.80   999.80    33.00   999.80   999.80   999.80   999.80   999.80   999.80   999.50
  78.375   100.00    -0.72   -91.98    66.46   100.00   -54.86   100.00   100.00   100.00   100.00   100.00   100.00    45.55   133.25   999.80    21.31   999.80   999.80   999.80   999.80   999.80   999.80   999.50
  78.505   100.00    -8.16   -60.57    33.62   100.00   -42.44   100.00   100.00   100.00   100.00   100.00   100.00    37.02    93.45   999.80    14.34   999.80   999.80   999.80   999.80   999.80   999.80   999.50
  78.634   100.00   -17.54   -39.87    12.40   100.00   -34.14   -36.45   100.00   100.00   100.00   100.00   100.00    29.91    67.66   999.80     9.97    47.63   999.80   999.80   999.80   999.80   999.80   999.50
  78.764   100.00   -24.86   -26.22    -0.94   -44.37   -28.37   -24.22   100.00   100.00   100.00   100.00   100.00    24.19    50.05   158.71     7.17    32.54   999.80   999.80   999.80   999.80   999.80   999.50
  78.894   -63.42   -17.94   -17.25    -9.03   -20.14   -24.24   -18.67   100.00   100.00   100.00   100.00   100.00    19.74    37.82   107.66     5.32    23.06   999.80   999.80   999.80   999.80   999.80     6.41
  79.024   -42.34   -14.65   -11.33   -13.53    -8.86   -21.28   -16.63   100.00   100.00   100.00   100.00   100.00    16.34    29.09    69.14     4.07    16.92   999.80   999.80   999.80   999.80   999.80     4.96
  79.154   -29.45   -13.12    -7.42   -15.58    -4.08   -19.15   -16.53   100.00   100.00   100.00   100.00   100.00    13.73    22.82    43.95     3.21    12.81   999.80   999.80   999.80   999.80   999.80     3.89
  79.283   -23.34     1.68    -4.91   -16.07    -2.28   -17.54   -17.40    54.92   100.00   100.00   100.00   100.00    11.75    18.23    28.18     2.60     9.98   118.04   999.80   999.80   999.80   999.80     3.09
  79.413   -19.56    -7.32    -3.32   -15.73    -2.05   -16.28   -18.69    10.35   100.00   100.00   100.00   100.00    10.21    14.81    18.40     2.17     7.98    74.83   999.80   999.80   999.80   999.80     2.50
  79.543   -17.19   -12.03    -2.37   -15.17    -2.78   -15.29   -20.09   -12.43   100.00   100.00   100.00   100.00     9.00    12.20    12.30     1.86     6.53    50.60   999.80   999.80   999.80   999.80     2.07
  79.673   -15.98   -14.67    -1.88   -14.52    -3.84   -14.50   -21.43   -24.80   100.00   100.00   100.00   100.00     8.05    10.20     8.43     1.62     5.46    36.35   999.80   999.80   999.80   999.80     1.75
  79.803   -15.24   -16.16    -1.78   -13.87    -4.94   -13.87   -22.73   -31.37   100.00   100.00   100.00   100.00     7.28     8.63     5.96     1.45     4.66    27.38   999.80   999.80   999.80   999.80     1.51
  79.933   -14.78   -16.93    -2.05   -13.33    -5.99   -13.35   -23.99   -34.31   100.00   100.00   100.00   100.00     6.64     7.39     4.35     1.32     4.04    21.37   999.80   999.80   999.80   999.80     1.34
  80.062   -14.45   -17.24    -2.52   -12.91    -6.91   -12.92   -25.23   -34.91   100.00   100.00   100.00   100.00     6.11     6.39     3.28     1.22     3.56    17.16   999.80   999.80   999.80   999.80     1.21
  80.192   -14.24   -17.25    -3.02   -12.65    -7.68   -12.57   -26.46   -34.03   100.00   100.00   100.00   100.00     5.65     5.58     2.57     1.14     3.19    14.07   999.80   999.80   999.80   999.80     1.11
  80.322   -14.11   -13.30    -3.56   -12.50    -8.28   -12.30   -27.64   -32.27     3.61   100.00   100.00   100.00     5.24     4.91     2.08     1.08     2.89    11.72    70.02   999.80   999.80   999.80     1.04
  80.452   -14.06   -14.10    -4.18   -12.48    -8.76   -12.11   -28.67   -30.03    -1.95   100.00   100.00   100.00     4.89     4.35     1.74     1.04     2.65     9.88    51.48   999.80   999.80   999.80     0.98
  80.582   -14.04   -14.89    -4.80   -12.56    -9.12   -12.00   -29.54   -27.57    -7.73   100.00   100.00   100.00     4.57     3.89     1.50     1.00     2.45     8.40    39.31   999.80   999.80   999.80     0.94
  80.711   -14.05   -15.52    -5.35   -12.69    -9.40   -11.98   -30.22   -25.04   -12.71   100.00   100.00   100.00     4.29     3.49     1.33     0.97     2.29     7.20    30.70   999.80   999.80   999.80     0.91
  80.841   -14.07   -15.95    -5.81   -12.85    -9.61   -12.03   -30.71   -22.61   -16.63   100.00   100.00   100.00     4.04     3.15     1.20     0.95     2.15     6.22    24.48   999.80   999.80   999.80     0.88
  80.971   -14.10   -16.20    -6.17   -13.00    -9.80   -12.16   -31.05   -20.40   -19.38   100.00   100.00   100.00     3.80     2.85     1.11     0.93     2.03     5.41    19.81   999.80   999.80   999.80     0.86
  81.101   -14.15   -16.33    -6.43   -13.17    -9.96   -12.36   -31.29   -18.43   -21.23   100.00   100.00   100.00     3.58     2.59     1.05     0.91     1.93     4.72    16.30   999.80   999.80   999.80     0.85
  81.231   -14.21   -16.37    -6.61   -13.35   -10.08   -12.63   -31.42   -16.74   -22.42   100.00   100.00   100.00     3.38     2.35     1.00     0.90     1.84     4.17    13.59   999.80   999.80   999.80     0.84
  81.360   -14.28   -16.36    -6.75   -13.52   -10.17   -12.94   -31.47   -15.33   -23.05   100.00   100.00   100.00     3.19     2.15     0.96     0.88     1.76     3.69    11.49   999.80   999.80   999.80     0.82
  81.490   -14.35   -16.29    -6.86   -13.67   -10.24   -13.30   -31.45   -14.15   -23.22   100.00   100.00   100.00     3.02     1.96     0.93     0.87     1.69     3.29     9.83   999.80   999.80   999.80     0.82
  81.620   -14.42   -16.19    -6.96   -13.79   -10.32   -13.69   -31.36   -13.18   -23.07   100.00   100.00   100.00     2.86     1.79     0.91     0.87     1.62     2.96     8.52   999.80   999.80   999.80     0.81
  81.750   -14.51   -16.10    -7.08   -13.87   -10.39   -14.11   -31.22   -12.43   -22.80   100.00   100.00   100.00     2.71     1.65     0.89     0.86     1.56     2.68     7.46   999.80   999.80   999.80     0.80
  81.880   -14.59   -16.05    -7.22   -13.88   -10.49   -14.56   -31.05   -11.88   -22.53   100.00   100.00   100.00     2.58     1.52     0.87     0.85     1.50     2.44     6.60   999.80   999.80   999.80     0.80
  82.010   -14.65   -16.01    -7.35   -13.84   -10.60   -15.03   -30.87   -11.52   -22.22   100.00   100.00   100.00     2.45     1.41     0.86     0.85     1.45     2.24     5.89   999.80   999.80   999.80     0.79
  82.139   -14.76   -15.99    -7.45   -13.74   -10.73   -15.51   -30.72   -11.33   -21.86   100.00   100.00   100.00     2.33     1.32     0.85     0.84     1.40     2.07     5.31   999.80   999.80   999.80     0.79
  82.269   -14.88    -7.04    -7.49   -13.61   -10.89   -15.97   -30.58   -11.31   -21.44   100.00    65.23   100.00     2.22     1.24     0.84     0.84     1.35     1.92     4.83   999.80    54.50   999.80     0.79
  82.399   -15.01    -9.54    -7.45   -13.45   -11.06   -16.41   -30.47   -11.46   -21.01   100.00    42.65   100.00     2.11     1.17     0.84     0.84     1.31     1.80     4.43   999.80    34.68   999.80     0.79
  82.529   -15.14   -18.48    -7.34   -13.28   -11.24   -16.81   -30.40   -11.75   -20.61   -99.08    28.32   100.00     2.01     1.12     0.83     0.83     1.27     1.69     4.09    88.54    23.61   999.80     0.78
  82.659   -15.28   -14.45    -7.18   -13.09   -11.44   -17.16   -30.36   -12.18   -20.30   -40.39    18.80    -3.38     1.92     1.07     0.83     0.83     1.23     1.60     3.80    65.57    16.75   555.77     0.78
  82.788   -15.43   -13.73    -7.00   -12.89   -11.66   -17.46   -30.35   -12.73   -20.11   -12.89    12.44   -58.37     1.84     1.03     0.82     0.83     1.20     1.52     3.55    45.16    12.30   191.35     0.78
  82.918   -15.58   -13.05    -6.83   -12.67   -11.88   -17.69   -30.36   -13.34   -20.04     0.51     8.16   -51.08     1.76     1.00     0.82     0.83     1.17     1.45     3.33    31.20     9.27    98.18     0.78
  83.048   -15.70   -12.79    -6.66   -12.46   -12.10   -17.86   -30.38   -14.01   -20.05     6.35     5.17   -37.79     1.69     0.97     0.82     0.82     1.14     1.39     3.14    22.11     7.12    57.79     0.78
  83.178   -15.81   -12.82    -6.50   -12.25   -12.32   -17.99   -30.43   -14.69   -20.09     7.89     3.16   -26.69     1.62     0.95     0.82     0.82     1.12     1.34     2.98    16.14     5.58    36.70     0.77
  83.308   -15.89   -12.99    -6.34   -12.03   -12.54   -18.06   -30.48   -15.38   -20.14     7.18     1.92   -18.57     1.55     0.93     0.81     0.82     1.09     1.30     2.83    12.10     4.46    24.64     0.77
  83.438   -15.95   -13.22    -6.17   -11.82   -12.75   -18.10   -30.54   -16.05   -20.18     5.52     1.15   -12.95     1.49     0.91     0.81     0.82     1.07     1.26     2.70     9.30     3.62    17.29     0.77
  83.567   -15.97   -13.48    -6.01   -11.61   -12.94   -18.11   -30.59   -16.70   -20.20     3.54     0.65    -9.39     1.44     0.90     0.81     0.82     1.06     1.23     2.59     7.33     2.99    12.65     0.77
  83.697   -15.97   -13.72    -5.84   -11.41   -13.10   -18.11   -30.64   -17.31   -20.20     1.47     0.36    -7.37     1.39     0.89     0.81     0.82     1.04     1.20     2.48     5.91     2.52     9.60     0.77
  83.827   -15.94   -13.95    -5.66   -11.20   -13.24   -18.10   -30.67   -17.88   -20.16    -0.49     0.22    -6.30     1.34     0.88     0.81     0.81     1.03     1.18     2.39     4.86     2.16     7.54     0.77
  83.957   -15.87   -14.13    -5.46   -10.98   -13.35   -18.12   -30.68   -18.40   -20.08    -2.26     0.18    -5.79     1.30     0.87     0.81     0.81     1.02     1.16     2.30     4.08     1.88     6.11     0.77
  84.087   -15.77   -14.27    -5.25   -10.76   -13.42   -18.17   -30.66   -18.85   -19.93    -3.78     0.22    -5.61     1.26     0.86     0.81     0.81     1.01     1.14     2.23     3.48     1.67     5.09     0.77
  84.216   -15.63   -14.36    -5.03   -10.54   -13.45   -18.26   -30.61   -19.22   -19.69    -5.05     0.30    -5.64     1.23     0.85     0.80     0.81     1.00     1.12     2.16     3.01     1.50     4.35     0.77
  84.346   -15.46   -14.41    -4.80   -10.31   -13.44   -18.42   -30.52   -19.51   -19.36    -6.09     0.37    -5.78     1.20     0.85     0.80     0.81     0.99     1.11     2.09     2.63     1.37     3.79     0.77
  84.476   -15.26   -14.41    -4.57   -10.07   -13.38   -18.63   -30.41   -19.71   -18.90    -6.96     0.39    -5.92     1.17     0.84     0.80     0.81     0.99     1.10     2.03     2.32     1.27     3.37     0.77
  84.606   -15.04   -14.38    -4.32    -9.84   -13.28   -18.90   -30.26   -19.81   -18.30    -7.70     0.36    -6.03     1.15     0.84     0.80     0.81     0.98     1.09     1.97     2.07     1.19     3.05     0.77
  84.736   -14.78   -14.31    -4.06    -9.60   -13.15   -19.23   -30.08   -19.79   -17.55    -8.32     0.25    -6.13     1.12     0.84     0.80     0.81     0.98     1.08     1.91     1.85     1.13     2.79     0.77
  84.865   -14.50   -14.19    -3.79    -9.37   -12.98   -19.60   -29.87   -19.66   -16.67    -8.83     0.07    -6.26     1.10     0.83     0.80     0.81     0.98     1.07     1.84     1.67     1.08     2.59     0.77
  84.995   -14.20   -14.04    -3.52    -9.15   -12.78   -20.00   -29.60   -19.39   -15.64    -9.26    -0.18    -6.41     1.09     0.83     0.80     0.81     0.97     1.06     1.78     1.51     1.04     2.43     0.76
  85.125   -13.87   -13.84    -3.24    -8.92   -12.57   -20.42   -29.27   -18.98   -14.43    -9.67    -0.48    -6.62     1.07     0.83     0.80     0.81     0.97     1.06     1.72     1.38     1.01     2.30     0.76
  85.255   -13.53   -13.59    -2.94    -8.69   -12.35   -20.85   -28.85   -18.43   -13.07   -10.07    -0.84    -6.89     1.06     0.83     0.80     0.80     0.97     1.05     1.65     1.26     0.98     2.20     0.76
  85.385   -13.16   -13.30    -2.62    -8.45   -12.13   -21.26   -28.34   -17.75   -11.56   -10.50    -1.24    -7.19     1.05     0.82     0.80     0.80     0.97     1.04     1.59     1.17     0.96     2.11     0.76
  85.515   -12.77   -12.97    -2.27    -8.20   -11.91   -21.63   -27.74   -16.92    -9.95   -10.97    -1.67    -7.49     1.04     0.82     0.80     0.80     0.97     1.03     1.52     1.10     0.94     2.04     0.76
  85.644   -12.37   -12.61    -1.90    -7.94   -11.69   -21.97   -27.02   -15.96    -8.30   -11.48    -2.12    -7.77     1.03     0.82     0.80     0.80     0.97     1.02     1.46     1.04     0.92     1.99     0.76
  85.774   -11.95   -12.21    -1.50    -7.65   -11.49   -22.23   -26.19   -14.87    -6.67   -12.01    -2.57    -8.03     1.03     0.82     0.80     0.80     0.97     1.01     1.41     0.99     0.91     1.94     0.76
  85.904   -11.52   -11.79    -1.07    -7.35   -11.29   -22.42   -25.23   -13.68    -5.15   -12.53    -3.01    -8.28     1.02     0.82     0.80     0.80     0.96     1.00     1.35     0.95     0.89     1.89     0.76
  86.034   -11.11   -11.36    -0.61    -7.03   -11.12   -22.51   -24.18   -12.41    -3.78   -13.03    -3.46    -8.54     1.01     0.82     0.80     0.80     0.96     0.99     1.30     0.92     0.88     1.86     0.76
  86.164   -10.71   -10.93    -0.13    -6.69   -10.96   -22.51   -23.05   -11.10    -2.61   -13.52    -3.90    -8.80     1.01     0.81     0.80     0.80     0.96     0.97     1.25     0.90     0.88     1.82     0.76
  86.293   -10.33   -10.51     0.35    -6.33   -10.82   -22.40   -21.85    -9.78    -1.63   -13.98    -4.34    -9.09     1.00     0.81     0.80     0.80     0.95     0.96     1.21     0.88     0.87     1.80     0.76
  86.423    -9.98   -10.10     0.84    -5.94   -10.70   -22.18   -20.61    -8.50    -0.87   -14.43    -4.80    -9.42     1.00     0.81     0.79     0.80     0.95     0.95     1.17     0.86     0.86     1.77     0.76
  86.553    -9.66    -9.72     1.34    -5.53   -10.60   -21.86   -19.33    -7.29    -0.30   -14.84    -5.27    -9.77     1.00     0.81     0.79     0.80     0.94     0.94     1.14     0.85     0.85     1.74     0.76
  86.683    -9.38    -9.36     1.86    -5.10   -10.53   -21.45   -18.04    -6.19     0.07   -15.23    -5.77   -10.12     0.99     0.81     0.79     0.80     0.93     0.93     1.11     0.84     0.85     1.72     0.76
  86.813    -9.14    -9.04     2.40    -4.64   -10.47   -20.96   -16.76    -5.23     0.27   -15.57    -6.28   -10.49     0.99     0.81     0.79     0.80     0.92     0.92     1.08     0.83     0.84     1.69     0.76
  86.942    -8.94    -8.76     2.94    -4.17   -10.45   -20.40   -15.48    -4.44     0.30   -15.86    -6.80   -10.86     0.98     0.81     0.79     0.80     0.92     0.91     1.06     0.83     0.84     1.67     0.76
  87.072    -8.77    -8.51     3.47    -3.70   -10.45   -19.79   -14.22    -3.83     0.17   -16.09    -7.33   -11.24     0.98     0.81     0.79     0.80     0.91     0.90     1.03     0.82     0.83     1.65     0.76
  87.202    -8.65    -8.31     3.99    -3.22   -10.47   -19.14   -12.96    -3.40    -0.11   -16.27    -7.86   -11.61     0.98     0.80     0.79     0.80     0.90     0.89     1.01     0.82     0.83     1.63     0.76
  87.332    -8.55    -8.15     4.51    -2.75   -10.50   -18.46   -11.69    -3.15    -0.52   -16.37    -8.40   -12.00     0.98     0.80     0.79     0.80     0.90     0.89     1.00     0.81     0.83     1.61     0.76
  87.462    -8.49    -8.02     5.03    -2.29   -10.55   -17.77   -10.42    -3.06    -1.07   -16.40    -8.93   -12.39     0.97     0.80     0.79     0.80     0.89     0.88     0.98     0.81     0.82     1.59     0.76
  87.592    -8.45    -7.92     5.54    -1.85   -10.59   -17.10    -9.15    -3.13    -1.72   -16.35    -9.46   -12.73     0.97     0.80     0.79     0.80     0.88     0.87     0.97     0.81     0.82     1.57     0.76
  87.721    -8.43    -7.86     6.04    -1.44   -10.64   -16.44    -7.91    -3.35    -2.47   -16.21    -9.97   -13.04     0.97     0.80     0.79     0.80     0.88     0.87     0.95     0.81     0.82     1.56     0.76
  87.851    -8.44    -7.83     6.53    -1.06   -10.69   -15.79    -6.72    -3.71    -3.29   -15.98   -10.45   -13.32     0.96     0.80     0.79     0.80     0.87     0.86     0.94     0.80     0.82     1.54     0.76
  87.981    -8.46    -7.83     7.00    -0.73   -10.73   -15.16    -5.61    -4.21    -4.15   -15.66   -10.91   -13.56     0.96     0.80     0.79     0.80     0.87     0.86     0.93     0.80     0.81     1.53     0.76
  88.111    -8.50    -7.85     7.47    -0.44   -10.77   -14.55    -4.62    -4.83    -5.05   -15.25   -11.34   -13.74     0.96     0.80     0.79     0.79     0.86     0.85     0.92     0.80     0.81     1.52     0.76
  88.241    -8.55    -7.91     7.93    -0.21   -10.80   -13.96    -3.78    -5.57    -5.95   -14.75   -11.74   -13.89     0.96     0.80     0.79     0.79     0.86     0.85     0.92     0.80     0.81     1.52     0.76
  88.370    -8.62    -7.98     8.38    -0.04   -10.82   -13.39    -3.11    -6.40    -6.85   -14.16   -12.09   -14.01     0.95     0.80     0.79     0.79     0.85     0.84     0.91     0.80     0.81     1.51     0.76
  88.500    -8.71    -8.07     8.79     0.07   -10.83   -12.86    -2.63    -7.29    -7.71   -13.48   -12.39   -14.10     0.95     0.80     0.79     0.79     0.85     0.84     0.90     0.80     0.81     1.50     0.76
  88.630    -8.80    -8.18     9.16     0.12   -10.81   -12.36    -2.37    -8.23    -8.55   -12.72   -12.64   -14.15     0.95     0.80     0.79     0.79     0.84     0.84     0.90     0.80     0.81     1.50     0.76
  88.760    -8.89    -8.30     9.47     0.11   -10.76   -11.90    -2.30    -9.19    -9.32   -11.90   -12.82   -14.15     0.95     0.80     0.79     0.79     0.84     0.83     0.89     0.80     0.81     1.50     0.76
  88.890    -8.99    -8.42     9.71     0.04   -10.69   -11.50    -2.45   -10.17   -10.03   -11.02   -12.94   -14.08     0.95     0.80     0.79     0.79     0.84     0.83     0.89     0.80     0.81     1.50     0.76
  89.020    -9.09    -8.55     9.88    -0.08   -10.57   -11.19    -2.80   -11.13   -10.67   -10.10   -12.99   -13.94     0.94     0.80     0.79     0.79     0.83     0.83     0.89     0.80     0.81     1.50     0.76
  89.149    -9.21    -8.69     9.95    -0.26   -10.41   -10.97    -3.34   -12.07   -11.25    -9.15   -12.97   -13.73     0.94     0.80     0.79     0.79     0.83     0.83     0.89     0.80     0.81     1.50     0.76
  89.279    -9.32    -8.84     9.92    -0.49   -10.21   -10.89    -4.05   -12.97   -11.76    -8.19   -12.88   -13.47     0.94     0.80     0.79     0.79     0.83     0.82     0.89     0.80     0.81     1.50     0.76
  89.409    -9.45    -9.00     9.78    -0.76    -9.95   -10.97    -4.91   -13.83   -12.19    -7.22   -12.70   -13.17     0.94     0.80     0.79     0.78     0.83     0.82     0.88     0.80     0.81     1.50     0.76
  89.539    -9.58    -9.16     9.54    -1.05    -9.64   -11.20    -5.90   -14.64   -12.54    -6.25   -12.44   -12.84     0.94     0.80     0.79     0.78     0.83     0.82     0.88     0.80     0.81     1.51     0.76
  89.669    -9.71    -9.33     9.17    -1.38    -9.28   -11.60    -7.01   -15.41   -12.81    -5.28   -12.11   -12.49     0.93     0.80     0.79     0.78     0.82     0.82     0.88     0.81     0.81     1.51     0.76
  89.798    -9.85    -9.49     8.68    -1.72    -8.88   -12.17    -8.19   -16.14   -12.99    -4.33   -11.71   -12.12     0.93     0.80     0.79     0.78     0.82     0.82     0.88     0.81     0.81     1.51     0.76
  89.928    -9.98    -9.66     8.08    -2.07    -8.46   -12.89    -9.43   -16.82   -13.08    -3.40   -11.24   -11.73     0.93     0.80     0.79     0.78     0.82     0.82     0.88     0.81     0.81     1.52     0.76
  90.058   -10.12    -9.83     7.38    -2.42    -8.05   -13.75   -10.69   -17.44   -13.07    -2.48   -10.70   -11.31     0.93     0.80     0.79     0.78     0.82     0.82     0.89     0.81     0.81     1.53     0.76
  90.188   -10.26    -9.99     6.60    -2.77    -7.68   -14.75   -11.95   -18.00   -12.97    -1.59   -10.10   -10.87     0.93     0.79     0.78     0.78     0.82     0.82     0.89     0.81     0.81     1.53     0.76
  90.318   -10.40   -10.15     5.77    -3.11    -7.38   -15.85   -13.19   -18.50   -12.77    -0.74    -9.44   -10.40     0.93     0.79     0.78     0.78     0.82     0.82     0.89     0.81     0.81     1.54     0.76
  90.447   -10.54   -10.32     4.90    -3.46    -7.17   -17.05   -14.39   -18.93   -12.49     0.10    -8.72    -9.89     0.92     0.79     0.78     0.78     0.82     0.82     0.89     0.81     0.81     1.55     0.76
  90.577   -10.67   -10.48     4.00    -3.81    -7.09   -18.31   -15.52   -19.29   -12.13     0.90    -7.94    -9.35     0.92     0.79     0.78     0.77     0.82     0.82     0.89     0.81     0.81     1.56     0.76
  90.707   -10.81   -10.63     3.11    -4.15    -7.13   -19.63   -16.57   -19.59   -11.72     1.68    -7.11    -8.75     0.92     0.79     0.78     0.77     0.82     0.82     0.89     0.81     0.82     1.57     0.76
  90.837   -10.94   -10.79     2.25    -4.49    -7.32   -20.97   -17.51   -19.80   -11.26     2.43    -6.23    -8.07     0.92     0.79     0.78     0.77     0.82     0.82     0.90     0.81     0.82     1.57     0.76
  90.967   -11.06   -10.93     1.44    -4.82    -7.65   -22.33   -18.33   -19.95   -10.78     3.16    -5.30    -7.30     0.92     0.79     0.78     0.77     0.82     0.82     0.90     0.81     0.82     1.58     0.76
  91.097   -11.19   -11.08     0.68    -5.15    -8.12   -23.69   -19.03   -20.04   -10.28     3.86    -4.34    -6.41     0.92     0.79     0.78     0.77     0.82     0.82     0.90     0.81     0.82     1.59     0.76
  91.226   -11.31   -11.22    -0.01    -5.49    -8.75   -25.04   -19.60   -20.06    -9.77     4.55    -3.33    -5.39     0.92     0.79     0.78     0.77     0.82     0.82     0.90     0.82     0.82     1.60     0.76
  91.356   -11.44   -11.36    -0.65    -5.83    -9.52   -26.37   -20.07   -20.03    -9.26     5.21    -2.29    -4.24     0.91     0.79     0.78     0.77     0.82     0.82     0.91     0.82     0.82     1.61     0.76
  91.486   -11.57   -11.49    -1.22    -6.18   -10.43   -27.66   -20.43   -19.95    -8.74     5.85    -1.22    -2.94     0.91     0.79     0.78     0.77     0.82     0.82     0.91     0.82     0.82     1.62     0.76
  91.616   -11.70   -11.63    -1.75    -6.57   -11.48   -28.92   -20.72   -19.84    -8.21     6.47    -0.13    -1.47     0.91     0.79     0.78     0.77     0.82     0.82     0.91     0.82     0.82     1.63     0.76
  91.746   -11.83   -11.78    -2.23    -7.00   -12.66   -30.12   -20.94   -19.70    -7.67     7.06     0.98     0.16     0.91     0.79     0.78     0.77     0.82     0.82     0.92     0.82     0.82     1.64     0.76
  91.875   -11.98   -11.93    -2.69    -7.48   -13.97   -31.27   -21.11   -19.53    -7.12     7.62     2.10     1.94     0.91     0.79     0.78     0.77     0.82     0.82     0.92     0.82     0.82     1.65     0.76
  92.005   -12.13   -12.09    -3.14    -8.02   -15.38   -32.36   -21.25   -19.34    -6.57     8.15     3.21     3.87     0.91     0.79     0.78     0.77     0.82     0.83     0.92     0.82     0.82     1.66     0.76
  92.135   -12.28   -12.27    -3.59    -8.63   -16.90   -33.37   -21.37   -19.13    -6.01     8.65     4.32     5.94     0.91     0.79     0.78     0.77     0.82     0.83     0.93     0.82     0.82     1.66     0.76
  92.265   -12.44   -12.45    -4.05    -9.30   -18.50   -34.31   -21.49   -18.89    -5.44     9.10     5.41     8.10     0.91     0.79     0.78     0.77     0.83     0.83     0.93     0.82     0.82     1.67     0.76
  92.395   -12.61   -12.64    -4.52   -10.05   -20.18   -35.18   -21.61   -18.63    -4.85     9.52     6.48    10.34     0.92     0.79     0.78     0.77     0.83     0.83     0.93     0.82     0.82     1.68     0.76
  92.524   -12.77   -12.84    -5.02   -10.88   -21.90   -35.95   -21.74   -18.34    -4.25     9.91     7.51    12.62     0.92     0.79     0.78     0.77     0.83     0.83     0.94     0.82     0.83     1.69     0.76
  92.654   -12.94   -13.05    -5.55   -11.79   -23.66   -36.65   -21.90   -18.03    -3.63    10.26     8.52    14.92     0.93     0.79     0.78     0.77     0.83     0.83     0.94     0.82     0.83     1.71     0.76
  92.784   -13.10   -13.27    -6.13   -12.80   -25.44   -37.27   -22.09   -17.69    -3.02    10.57     9.51    17.20     0.93     0.79     0.78     0.77     0.83     0.84     0.94     0.83     0.83     1.72     0.76
  92.914   -13.25   -13.49    -6.76   -13.89   -27.19   -37.82   -22.30   -17.31    -2.41    10.86    10.47    19.42     0.94     0.79     0.78     0.77     0.83     0.84     0.95     0.83     0.83     1.73     0.76
  93.044   -13.39   -13.72    -7.45   -15.09   -28.91   -38.31   -22.54   -16.89    -1.80    11.14    11.40    21.56     0.95     0.79     0.78     0.78     0.84     0.84     0.95     0.83     0.83     1.74     0.76
  93.174   -13.52   -13.94    -8.24   -16.37   -30.56   -38.73   -22.82   -16.43    -1.22    11.41    12.32    23.62     0.95     0.80     0.78     0.78     0.84     0.84     0.96     0.83     0.83     1.76     0.76
  93.303   -13.62   -14.17    -9.12   -17.74   -32.14   -39.11   -23.13   -15.91    -0.66    11.68    13.19    25.55     0.97     0.80     0.78     0.78     0.84     0.84     0.96     0.83     0.83     1.77     0.76
  93.433   -13.69   -14.39   -10.09   -19.21   -33.62   -39.43   -23.47   -15.34    -0.13    11.96    14.04    27.33     0.98     0.80     0.78     0.78     0.84     0.85     0.97     0.83     0.83     1.79     0.76
  93.563   -13.73   -14.61   -11.17   -20.77   -35.01   -39.72   -23.82   -14.70     0.37    12.25    14.84    28.95     0.99     0.80     0.78     0.78     0.85     0.85     0.97     0.83     0.84     1.80     0.76
  93.693   -13.74   -14.82   -12.35   -22.41   -36.31   -39.98   -24.19   -13.98     0.85    12.57    15.61    30.37     1.01     0.81     0.79     0.78     0.85     0.85     0.98     0.84     0.84     1.82     0.76
  93.823   -13.71   -15.03   -13.64   -24.12   -37.51   -40.21   -24.54   -13.20     1.30    12.91    16.35    31.62     1.03     0.81     0.79     0.78     0.85     0.86     0.98     0.84     0.84     1.84     0.76
  93.952   -13.63   -15.22   -15.03   -25.88   -38.62   -40.42   -24.88   -12.34     1.72    13.29    17.05    32.69     1.05     0.81     0.79     0.78     0.86     0.86     0.99     0.84     0.84     1.86     0.76
  94.082   -13.49   -15.40   -16.51   -27.68   -39.66   -40.59   -25.19   -11.42     2.11    13.72    17.72    33.61     1.07     0.82     0.79     0.78     0.86     0.86     0.99     0.84     0.84     1.87     0.76
  94.212   -13.30   -15.56   -18.06   -29.49   -40.62   -40.72   -25.46   -10.43     2.47    14.23    18.36    34.38     1.09     0.82     0.79     0.78     0.87     0.87     1.00     0.84     0.84     1.89     0.76
  94.342   -13.04   -15.69   -19.66   -31.26   -41.53   -40.83   -25.68    -9.37     2.81    14.81    19.00    35.03     1.12     0.83     0.79     0.79     0.87     0.87     1.00     0.85     0.85     1.91     0.76
  94.472   -12.71   -15.79   -21.31   -32.98   -42.40   -40.91   -25.83    -8.25     3.12    15.47    19.62    35.56     1.14     0.83     0.80     0.79     0.88     0.88     1.01     0.85     0.85     1.93     0.76
  94.602   -12.31   -15.85   -22.98   -34.62   -43.24   -40.96   -25.91    -7.08     3.41    16.21    20.24    35.98     1.17     0.84     0.80     0.79     0.88     0.88     1.02     0.85     0.85     1.95     0.76
  94.731   -11.84   -15.88   -24.66   -36.16   -44.05   -40.99   -25.92    -5.85     3.71    17.04    20.85    36.30     1.19     0.84     0.80     0.79     0.89     0.89     1.02     0.85     0.85     1.97     0.76
  94.861   -11.30   -15.87   -26.35   -37.60   -44.85   -41.00   -25.86    -4.58     4.00    17.95    21.46    36.56     1.22     0.85     0.81     0.79     0.89     0.89     1.03     0.86     0.85     1.98     0.76
  94.991   -10.69   -15.83   -28.04   -38.95   -45.63   -40.99   -25.75    -3.28     4.31    18.94    22.06    36.78     1.24     0.86     0.81     0.80     0.90     0.90     1.04     0.86     0.86     2.00     0.76
  95.121   -10.02   -15.76   -29.75   -40.22   -46.41   -40.96   -25.58    -1.95     4.64    20.00    22.65    36.97     1.27     0.86     0.81     0.80     0.90     0.90     1.05     0.86     0.86     2.02     0.76
  95.251    -9.28   -15.66   -31.47   -41.44   -47.17   -40.91   -25.35    -0.61     5.02    21.12    23.23    37.14     1.29     0.87     0.82     0.80     0.91     0.91     1.05     0.87     0.86     2.03     0.76
  95.380    -8.48   -15.54   -33.21   -42.62   -47.92   -40.85   -25.08     0.72     5.45    22.29    23.80    37.26     1.32     0.88     0.82     0.81     0.92     0.92     1.06     0.87     0.86     2.05     0.76
  95.510    -7.62   -15.40   -34.93   -43.79   -48.63   -40.77   -24.76     2.05     5.93    23.49    24.34    37.31     1.35     0.89     0.83     0.81     0.93     0.92     1.07     0.88     0.87     2.07     0.76
  95.640    -6.71   -15.25   -36.61   -44.93   -49.31   -40.69   -24.41     3.36     6.46    24.72    24.85    37.27     1.38     0.90     0.84     0.82     0.93     0.93     1.08     0.88     0.87     2.09     0.77
  95.770    -5.75   -15.08   -38.23   -46.07   -49.94   -40.59   -24.04     4.65     7.03    25.96    25.32    37.15     1.42     0.91     0.85     0.82     0.94     0.94     1.09     0.88     0.87     2.11     0.77
  95.900    -4.76   -14.91   -39.76   -47.21   -50.53   -40.47   -23.65     5.92     7.64    27.19    25.77    36.92     1.46     0.92     0.86     0.83     0.95     0.95     1.11     0.89     0.87     2.14     0.77
  96.029    -3.73   -14.73   -41.24   -48.36   -51.07   -40.32   -23.25     7.16     8.27    28.40    26.17    36.59     1.50     0.94     0.87     0.83     0.96     0.95     1.12     0.89     0.88     2.17     0.77
  96.159    -2.68   -14.55   -42.63   -49.51   -51.55   -40.13   -22.85     8.33     8.91    29.58    26.53    36.16     1.55     0.96     0.88     0.84     0.97     0.96     1.14     0.90     0.88     2.20     0.77
  96.289    -1.62   -14.38   -43.96   -50.65   -51.98   -39.90   -22.44     9.44     9.55    30.72    26.86    35.59     1.60     0.98     0.89     0.85     0.98     0.97     1.15     0.90     0.88     2.24     0.77
  96.419    -0.56   -14.21   -45.23   -51.78   -52.36   -39.62   -22.06    10.46    10.16    31.80    27.13    34.87     1.66     1.00     0.91     0.86     0.99     0.97     1.17     0.91     0.88     2.28     0.77
  96.549     0.48   -14.06   -46.45   -52.88   -52.68   -39.30   -21.71    11.39    10.76    32.84    27.34    33.98     1.73     1.03     0.92     0.87     1.00     0.98     1.19     0.91     0.89     2.33     0.77
  96.679     1.50   -13.92   -47.62   -53.95   -52.94   -38.94   -21.40    12.22    11.33    33.81    27.50    32.91     1.81     1.06     0.94     0.88     1.01     0.99     1.21     0.92     0.89     2.39     0.78
  96.808     2.49   -13.79   -48.72   -54.97   -53.13   -38.54   -21.14    12.94    11.89    34.72    27.60    31.74     1.90     1.10     0.96     0.89     1.03     1.00     1.23     0.92     0.89     2.46     0.78
  96.938     3.44   -13.66   -49.74   -55.91   -53.25   -38.13   -20.92    13.53    12.45    35.53    27.65    30.47     2.00     1.14     0.98     0.91     1.04     1.00     1.26     0.93     0.90     2.54     0.78
  97.068     4.35   -13.55   -50.67   -56.77   -53.29   -37.71   -20.74    14.02    12.98    36.26    27.67    29.13     2.12     1.19     1.01     0.92     1.06     1.01     1.29     0.93     0.90     2.63     0.78
  97.198     5.20   -13.44   -51.52   -57.57   -53.25   -37.29   -20.57    14.40    13.51    36.88    27.65    27.71     2.25     1.24     1.04     0.94     1.07     1.02     1.32     0.94     0.91     2.74     0.78
  97.328     6.01   -13.33   -52.28   -58.27   -53.12   -36.86   -20.42    14.70    14.02    37.41    27.61    26.22     2.40     1.30     1.07     0.95     1.09     1.03     1.35     0.94     0.91     2.87     0.79
  97.457     6.75   -13.22   -52.91   -58.87   -52.89   -36.43   -20.27    14.93    14.50    37.83    27.55    24.70     2.57     1.38     1.10     0.97     1.11     1.04     1.38     0.95     0.92     3.01     0.79
  97.587     7.45   -13.08   -53.44   -59.33   -52.54   -35.97   -20.13    15.10    14.95    38.16    27.48    23.18     2.76     1.46     1.14     0.99     1.13     1.05     1.42     0.95     0.93     3.18     0.79
  97.717     8.09   -12.92   -53.87   -59.63   -52.06   -35.49   -20.01    15.21    15.38    38.39    27.38    21.68     2.98     1.55     1.18     1.01     1.16     1.06     1.47     0.96     0.93     3.38     0.79
  97.847     8.67   -12.74   -54.23   -59.75   -51.47   -34.99   -19.91    15.27    15.77    38.54    27.27    20.19     3.21     1.66     1.22     1.04     1.18     1.07     1.51     0.96     0.94     3.61     0.80
  97.977     9.18   -12.53   -54.55   -59.68   -50.79   -34.47   -19.80    15.28    16.12    38.59    27.15    18.73     3.46     1.77     1.27     1.06     1.21     1.09     1.56     0.97     0.95     3.87     0.80
  98.106     9.64   -12.30   -54.86   -59.44   -50.02   -33.94   -19.67    15.24    16.43    38.56    27.02    17.31     3.74     1.90     1.32     1.08     1.24     1.10     1.62     0.98     0.96     4.17     0.80
  98.236    10.04   -12.05   -55.16   -59.07   -49.16   -33.40   -19.50    15.17    16.72    38.46    26.87    15.92     4.03     2.04     1.37     1.11     1.27     1.12     1.68     0.98     0.98     4.52     0.81
  98.366    10.38   -11.79   -55.50   -58.62   -48.25   -32.85   -19.27    15.06    16.99    38.31    26.70    14.53     4.34     2.20     1.42     1.14     1.31     1.13     1.74     0.99     0.99     4.92     0.81
  98.496    10.67   -11.53   -55.94   -58.10   -47.28   -32.30   -18.98    14.93    17.24    38.12    26.49    13.05     4.66     2.36     1.48     1.17     1.35     1.16     1.81     1.00     1.01     5.38     0.81
  98.626    10.90   -11.27   -56.49   -57.55   -46.30   -31.74   -18.60    14.78    17.47    37.89    26.25    11.41     4.99     2.54     1.54     1.20     1.39     1.18     1.89     1.01     1.03     5.90     0.82
  98.756    11.09   -11.01   -57.21   -56.99   -45.30   -31.19   -18.13    14.64    17.71    37.62    25.97     9.49     5.32     2.73     1.60     1.24     1.44     1.20     1.97     1.02     1.05     6.48     0.82
  98.885    11.23   -10.77   -58.15   -56.45   -44.35   -30.65   -17.56    14.49    17.96    37.33    25.65     7.18     5.67     2.94     1.67     1.27     1.49     1.23     2.06     1.03     1.07     7.11     0.83
  99.015    11.33   -10.55   -59.28   -55.93   -43.46   -30.12   -16.88    14.35    18.20    37.03    25.29     4.33     6.01     3.15     1.74     1.31     1.54     1.26     2.16     1.04     1.10     7.79     0.84
  99.145    11.38   -10.36   -60.60   -55.46   -42.67   -29.57   -16.07    14.21    18.42    36.72    24.87     0.89     6.36     3.37     1.82     1.35     1.60     1.30     2.26     1.05     1.14     8.53     0.84
  99.275    11.38   -10.21   -62.02   -55.01   -42.02   -29.01   -15.15    14.09    18.60    36.39    24.40    -3.11     6.71     3.60     1.90     1.39     1.66     1.34     2.38     1.07     1.17     9.29     0.85
  99.405    11.32   -10.09   -63.39   -54.60   -41.54   -28.42   -14.12    13.98    18.71    36.05    23.87    -7.51     7.08     3.84     1.99     1.43     1.73     1.38     2.50     1.08     1.22    10.05     0.86
  99.534    11.21   -10.03   -64.72   -54.26   -41.23   -27.81   -13.00    13.87    18.76    35.69    23.27   -12.18     7.45     4.08     2.07     1.48     1.81     1.43     2.63     1.10     1.27    10.83     0.87
  99.664    11.04   -10.02   -66.06   -54.01   -41.07   -27.20   -11.85    13.75    18.77    35.30    22.58   -17.09     7.84     4.33     2.17     1.52     1.89     1.48     2.78     1.12     1.33    11.60     0.88
  99.794    10.80   -10.05   -67.39   -53.79   -41.06   -26.60   -10.68    13.60    18.77    34.88    21.81   -22.12     8.24     4.59     2.26     1.57     1.98     1.53     2.94     1.14     1.40    12.34     0.89
  99.924    10.52   -10.10   -68.64   -53.60   -41.14   -26.04    -9.47    13.42    18.81    34.45    20.95   -27.07     8.66     4.85     2.36     1.63     2.08     1.60     3.11     1.16     1.48    13.06     0.91
 100.054    10.21   -10.16   -69.74   -53.42   -41.24   -25.51    -8.25    13.20    18.91    34.01    20.00   -31.76     9.09     5.12     2.46     1.68     2.18     1.67     3.30     1.19     1.57    13.74     0.92
 100.184     9.86   -10.23   -70.68   -53.27   -41.33   -25.03    -6.99    12.94    19.04    33.54    18.97   -35.86     9.53     5.39     2.56     1.74     2.29     1.74     3.50     1.21     1.67    14.42     0.94
 100.313     9.48   -10.28   -71.39   -53.15   -41.33   -24.57    -5.71    12.65    19.21    33.04    17.89   -39.06     9.98     5.67     2.66     1.81     2.41     1.82     3.72     1.24     1.78    15.08     0.95
 100.443     9.11   -10.29   -71.77   -52.99   -41.21   -24.12    -4.43    12.31    19.44    32.51    16.80   -41.24    10.43     5.96     2.75     1.87     2.54     1.91     3.95     1.28     1.91    15.70     0.97
 100.573     8.74   -10.23   -71.70   -52.79   -40.91   -23.69    -3.17    11.97    19.79    31.94    15.72   -42.30    10.94     6.25     2.85     1.94     2.68     2.01     4.20     1.32     2.06    16.31     0.99
 100.703     8.40   -10.10   -71.05   -52.58   -40.42   -23.29    -1.97    11.62    20.25    31.33    14.66   -42.35    11.43     6.53     2.94     2.02     2.83     2.12     4.46     1.36     2.22    16.91     1.02
 100.833     8.09    -9.90   -69.83   -52.28   -39.75   -22.89    -0.82    11.30    20.80    30.70    13.63   -41.46    11.99     6.84     3.03     2.10     2.99     2.24     4.74     1.41     2.40    17.52     1.04
 100.962     7.83    -9.61   -68.07   -51.87   -38.93   -22.49     0.25    11.02    21.47    30.07    12.67   -39.65    12.61     7.16     3.12     2.18     3.16     2.37     5.03     1.46     2.59    18.14     1.07
 101.092     7.65    -9.22   -65.68   -51.36   -37.94   -22.07     1.23    10.81    22.30    29.43    11.80   -36.89    13.29     7.49     3.20     2.26     3.34     2.51     5.34     1.52     2.79    18.79     1.10
 101.222     7.56    -8.71   -62.68   -50.71   -36.84   -21.60     2.12    10.69    23.31    28.77    11.10   -33.10    14.02     7.83     3.29     2.35     3.53     2.67     5.68     1.59     3.01    19.49     1.13
 101.352     7.59    -8.06   -59.08   -49.83   -35.66   -21.05     2.94    10.68    24.55    28.10    10.64   -28.35    14.82     8.20     3.39     2.45     3.73     2.84     6.03     1.67     3.23    20.22     1.17
 101.482     7.77    -7.25   -54.86   -48.73   -34.49   -20.42     3.74    10.81    26.06    27.43    10.45   -22.90    15.68     8.58     3.48     2.54     3.94     3.03     6.40     1.75     3.45    20.90     1.20
 101.611     8.12    -6.28   -50.16   -47.37   -33.35   -19.64     4.49    11.12    27.91    26.76    10.57   -16.86    16.64     9.00     3.59     2.64     4.15     3.23     6.81     1.85     3.67    21.59     1.24
 101.741     8.69    -5.10   -45.15   -45.76   -32.27   -18.65     5.19    11.74    30.19    26.12    11.00   -10.39    17.70     9.44     3.70     2.75     4.38     3.45     7.25     1.96     3.89    22.30     1.28
 101.871     9.48    -3.73   -39.89   -43.98   -31.32   -17.40     5.89    12.73    32.88    25.52    11.67    -3.71    18.85     9.90     3.82     2.85     4.61     3.68     7.71     2.08     4.10    22.95     1.33
 102.001    10.47    -2.19   -34.40   -41.97   -30.51   -15.86     6.61    14.09    35.88    24.96    12.55     2.99    20.08    10.39     3.96     2.96     4.85     3.94     8.21     2.21     4.31    23.55     1.38
 102.131    11.64    -0.51   -28.85   -39.79   -29.90   -14.10     7.35    15.83    39.10    24.41    13.62     9.56    21.41    10.90     4.12     3.07     5.10     4.21     8.74     2.37     4.51    24.07     1.43
 102.261    12.95     1.25   -23.27   -37.65   -29.44   -12.17     8.12    17.91    42.54    23.87    14.81    15.93    22.86    11.42     4.30     3.18     5.36     4.51     9.32     2.54     4.69    24.57     1.49
 102.390    14.36     3.05   -17.65   -35.61   -29.06   -10.16     8.98    20.27    46.10    23.33    16.04    21.92    24.42    11.96     4.50     3.29     5.64     4.82     9.92     2.72     4.87    25.02     1.55
 102.520    15.83     4.85   -12.44   -33.68   -28.72    -8.11     9.93    22.83    49.58    22.84    17.25    27.18    26.07    12.50     4.72     3.41     5.92     5.15    10.58     2.93     5.04    25.43     1.61
 102.650    17.31     6.61    -8.01   -31.85   -28.41    -6.06    11.06    25.46    52.93    22.43    18.38    31.62    27.92    13.04     4.98     3.53     6.21     5.49    11.24     3.16     5.20    25.83     1.67
 102.780    18.80     8.31    -4.57   -30.10   -28.11    -4.11    12.48    28.08    56.20    22.07    19.47    35.22    29.96    13.57     5.27     3.64     6.52     5.86    11.95     3.41     5.36    26.27     1.75
 102.910    20.30     9.96    -2.43   -28.45   -27.79    -2.33    14.23    30.65    59.43    21.78    20.52    38.06    32.22    14.08     5.60     3.76     6.84     6.23    12.69     3.68     5.51    26.74     1.82
 103.039    21.76    11.51    -1.85   -26.96   -27.36    -0.83    16.33    33.06    62.57    21.58    21.44    40.25    34.76    14.56     5.96     3.88     7.17     6.62    13.44     3.96     5.67    27.32     1.89
 103.169    23.15    12.91    -3.16   -25.75   -26.70     0.33    18.75    35.27    65.50    21.52    22.13    41.89    37.48    15.01     6.37     4.01     7.52     7.02    14.21     4.25     5.83    27.99     1.97
 103.299    24.44    14.13    -6.73   -24.92   -25.70     1.07    21.46    37.30    68.09    21.68    22.55    42.98    40.29    15.44     6.82     4.14     7.88     7.43    15.00     4.55     6.01    28.74     2.05
 103.429    25.64    15.19   -12.66   -24.47   -24.34     1.37    24.53    39.19    70.27    22.17    22.70    43.54    43.19    15.84     7.31     4.27     8.26     7.85    15.79     4.84     6.19    29.52     2.14
 103.559    26.74    16.07   -21.10   -24.44   -22.60     1.25    28.02    40.93    72.02    23.04    22.54    43.45    45.91    16.23     7.84     4.41     8.66     8.25    16.61     5.13     6.39    30.31     2.23
 103.688    27.72    16.78   -32.16   -24.88   -20.48     0.78    31.83    42.48    73.40    24.30    22.04    42.46    48.26    16.60     8.41     4.56     9.05     8.65    17.41     5.41     6.62    31.09     2.32
 103.818    28.52    17.26   -46.22   -25.73   -18.09     0.00    35.77    43.76    74.37    25.89    21.26    40.37    49.89    16.98     9.03     4.72     9.45     9.05    18.22     5.67     6.86    31.86     2.41
 103.948    29.15    17.49   -63.36   -26.97   -15.54    -1.04    39.65    44.79    74.93    27.77    20.20    37.34    50.60    17.37     9.65     4.89     9.83     9.44    18.98     5.91     7.14    32.70     2.50
 104.078    29.63    17.51   -82.57   -28.53   -12.79    -2.29    43.24    45.58    75.18    29.81    18.83    33.69    50.13    17.76    10.31     5.07    10.21     9.82    19.61     6.13     7.45    33.49     2.59
 104.208    30.03    19.88  -100.00   -30.14    -9.82    -3.57    46.49    46.15    75.35    31.89    17.28    29.60   999.80    18.19    10.98     5.26    10.57    10.20    20.10     6.33     7.77    34.42     2.69
 104.338    30.39    20.19   100.00   -31.58    -6.78    -4.72    49.32    46.51    75.46    33.89    15.70    25.33   999.80    18.61    11.66     5.46    10.94    10.59    20.44     6.51     8.13    35.35     2.78
 104.467    30.72    20.48   100.00   -32.64    -3.90    -5.60    51.73    46.70    75.38    35.73    14.13    21.22   999.80    19.06    12.35     5.68    11.28    10.98    20.64     6.69     8.53    36.30     2.88
 104.597    31.05    20.76   100.00   -33.32    -1.32    -6.13    53.86    46.81    75.26    37.32    12.54    17.35   999.80    19.53    13.01     5.91    11.64    11.39    20.73     6.86     8.96    37.35     2.98
 104.727    31.37    21.02   100.00   -33.91     0.80    -6.24    55.72    46.94    75.27    38.55    10.93    13.35   999.80    20.07    13.68     6.16    11.99    11.83    20.71     7.05     9.42    38.38     3.08
 104.857    31.62    21.20   100.00   -34.48     2.27    -5.89    57.33    47.09    75.31    39.35     9.30     9.02   999.80    20.63    14.26     6.43    12.35    12.30    20.63     7.25     9.93    39.40     3.19
 104.987    31.73    21.27   100.00   -34.83     2.99    -5.03    58.70    47.21    75.22    39.69     7.61     4.38   999.80    21.21    14.83     6.72    12.73    12.81    20.52     7.47    10.47    40.45     3.30
 105.116    31.67    21.22   100.00   -34.96     2.81    -3.65    59.80    47.25    75.05    39.56     5.87    -0.42   999.80    21.80    15.32     7.03    13.11    13.36    20.38     7.72    11.03    41.53     3.41
 105.246    31.47    21.10   100.00   -34.91     1.79    -1.80    60.59    47.31    75.03    38.96     4.08    -5.42   999.80    22.41    15.75     7.36    13.54    13.98    20.28     8.00    11.62    42.69     3.53
 105.376    31.18    20.95   100.00   -34.63     0.09     0.40    61.03    47.57    75.20    37.84     2.36   -10.30   999.80    23.04    16.13     7.71    14.00    14.66    20.23     8.34    12.25    44.03     3.65
 105.506    30.71    20.74   100.00   -34.11    -1.99     2.81    61.17    47.99    75.12    36.19     0.70   -14.80   999.80    23.69    16.45     8.07    14.51    15.44    20.27     8.72    12.92    45.57     3.78
 105.636    29.94    20.38   100.00   -33.31    -4.10     5.27    61.13    48.22    74.33    34.03    -1.00   -19.05   999.80    24.38    16.74     8.46    15.03    16.33    20.55     9.15    13.60    47.37     3.92
 105.766    28.91    19.88   100.00   -32.09    -6.04     7.61    60.80    48.07    72.85    31.40    -2.64   -23.07   999.80    25.12    17.02     8.85    15.65    17.35    21.01     9.65    14.30    49.54     4.08
 105.895    27.80    19.33   100.00   -30.44    -7.67     9.75    60.13    47.53    70.99    28.45    -4.01   -26.33   999.80    25.89    17.31     9.25    16.33    18.47    21.76    10.19    15.01    52.12     4.23
 106.025    26.75    18.85   100.00   -28.23    -8.83    11.79    59.17    46.65    68.74    25.44    -4.92   -28.15   999.80    26.74    17.58     9.68    17.09    19.71    22.55    10.81    15.73    55.41     4.41
 106.155    25.81    18.50   100.00   -25.22    -9.57    13.73    57.98    45.49    65.88    22.57    -5.18   -28.14   999.80    27.67    17.87    10.11    17.95    21.04    23.68    11.49    16.46    59.38     4.60
 106.285    25.01    18.29   100.00   -21.38    -9.99    15.52    56.45    44.12    62.54    19.93    -4.84   -25.06   999.80    28.74    18.20    10.55    18.92    22.49    25.00    12.24    17.19    64.53     4.79
 106.415    24.44    18.32   100.00   -16.81   -10.03    17.17    54.45    42.72    59.30    17.43    -3.97   -17.80   999.80    29.97    18.55    11.02    20.03    23.99    26.51    13.06    17.94    71.01     5.01
 106.544    24.06    18.60   100.00   -11.89    -9.49    18.72    51.87    41.37    56.34    15.07    -2.65    -6.52   999.80    31.42    18.93    11.52    21.30    25.56    28.28    13.95    18.71    78.84     5.23
 106.674    23.72    19.04   100.00    -6.98    -8.14    20.28    48.59    40.25    53.16    12.85    -1.06     8.04   999.80    33.07    19.33    12.05    22.76    27.22    30.50    14.92    19.51    87.77     5.48
 106.804    23.30    19.54   100.00    -2.37    -6.04    21.92    44.70    39.55    49.30    10.62     0.77    25.45   999.80    34.98    19.75    12.64    24.36    29.00    33.14    15.95    20.34    97.35     5.76
 106.934    22.72    19.95   100.00     1.79    -3.43    23.55    40.38    39.18    44.44     8.29     2.72    45.61   999.80    37.23    20.24    13.28    26.18    30.80    36.40    17.04    21.21   105.57     6.06
 107.064    21.96    20.22   100.00     5.80    -0.55    25.18    35.69    39.17    38.14     5.83     4.83    67.45   999.80    39.79    20.73    13.99    28.10    32.58    40.36    18.17    22.11   109.77     6.38
 107.193    21.00    20.30   100.00    10.06     2.52    26.88    30.85    39.40    29.83     3.03     7.11    90.73   999.80    42.76    21.25    14.77    30.24    34.35    44.87    19.31    23.03   106.41     6.73
 107.323    19.88    18.63   100.00    14.55     5.70    28.72    26.00    39.99    18.93    -0.26     9.55   100.00   999.80    46.30    21.81    15.58    32.59    36.10    49.93    20.45    24.00   999.80     7.11
 107.453    18.04    17.12   -99.66    19.04     8.92    30.59    21.16    41.29     4.42    -3.90    12.14   100.00    85.86    50.36    22.44    16.47    35.13    37.86    55.20    21.61    25.03   999.80     7.50
 107.583    16.03    18.80   -90.52    23.43    12.17    32.32    16.49    43.41   100.00    -7.74    14.85   100.00    89.52    55.08    23.07    17.40    37.85    39.63   999.80    22.74    26.12   999.80     7.91
 107.713    14.11    20.64   -82.34    27.75    15.45    33.90    12.37    46.62   100.00   -11.69    17.53   100.00    92.42    60.37    23.79    18.41    40.60    41.43   999.80    23.88    27.30   999.80     8.33
 107.843    12.35    22.80   -74.49    32.61    18.71    35.33     9.23    51.05   100.00   -15.56    19.99   100.00    94.90    66.33    24.55    19.45    43.50    43.12   999.80    25.00    28.50   999.80     8.77
 107.972    10.85    25.37   -66.43    38.77    21.71    36.64     7.21    56.56   100.00   -19.28    22.15   100.00    97.21    72.81    25.33    20.52    46.46    44.86   999.80    26.18    29.78   999.80     9.20
 108.102     9.63    28.21   -59.79    46.14    24.29    37.87     6.35    63.00   100.00   -23.06    23.82   100.00    98.78    79.63    26.19    21.65    49.33    46.58   999.80    27.30    31.16   999.80     9.62
 108.232     8.75    31.18   -55.29    54.34    26.46    38.88     6.76    70.41   100.00   -27.03    24.60   100.00    99.60    86.23    27.08    22.81    52.09    48.22   999.80    28.42    32.67   999.80    10.03
 108.362     8.33    34.09   -52.49    62.98    28.18    39.57     8.19    78.43   100.00   -31.11    24.24   100.00    99.87    92.23    27.99    24.02    54.68    49.75   999.80    29.56    34.33   999.80    10.44
 108.492     8.35    36.68   -52.52    71.35    29.38    39.90     9.96    86.52   100.00   -35.22    23.10   100.00    99.42    97.02    28.81    25.27    57.34    51.15   999.80    30.61    36.19   999.80    10.82
 108.621     8.67    38.90   -54.35    78.88    30.41    39.93    12.10    94.19   100.00   -39.24    21.19   100.00    98.88   100.46    29.63    26.60    59.96    52.55   999.80    31.72    38.26   999.80    11.19
 108.751     8.80    28.46   -56.04    84.71    31.50    39.82    15.20   100.00   100.00   -43.17    18.43     7.13    98.55   101.98    30.41    28.00    62.16   999.80   999.80    32.85    40.50   432.60    11.55
 108.881     9.43    27.83   -57.32    87.81    32.48    39.55    19.41   100.00   100.00   -47.00    15.27   -36.24    98.52   101.53    31.16    29.47    64.11   999.80   999.80    34.11    42.98   484.82    11.91
 109.011    10.61    27.09   -58.71    88.32    33.38    39.27    24.50   100.00   100.00   -50.62    12.19   -66.03    98.99    99.38    31.92    31.08    65.36   999.80   999.80    35.55    45.61   511.90    12.27
 109.141    12.13    26.05   -59.56    87.39    34.16    39.27   100.00   100.00  -100.00   -53.98     9.08   -81.92   100.22    96.55    32.74    32.84   999.80   999.80   999.80    37.16    48.61   505.07    12.67
 109.270    13.62     3.48   -58.39    84.89    34.69    39.41   100.00   100.00   -89.26   -57.00     5.67   -85.95   102.58    93.82    33.65    34.72   999.80   999.80    98.48    38.95    51.87   488.40    13.13
 109.400    15.21     4.94   -54.59    79.88    34.70    39.63   100.00   100.00   -74.56   -59.25     2.55   -80.58   106.08    91.23    34.67    36.78   999.80   999.80   105.99    40.86    55.54   481.36    13.62
 109.530    17.15    21.58   -47.51    72.61    33.92    39.92   100.00   100.00   -56.65   -60.49     0.48   -62.92   110.35    89.31    35.84    39.00   999.80   999.80   116.40    42.84    59.70   500.57    14.16
 109.660    19.17    14.94   -36.66    63.52    32.35    40.26   100.00   100.00   100.00   -60.99     0.03   -23.88   114.69    88.15    37.22    41.31   999.80   999.80   999.80    44.80    64.73   576.03    14.80
 109.790    20.86    14.39   -22.27    52.32    29.89   100.00   100.00    86.63   100.00   -60.95     2.08    53.46   118.70    88.35    38.87   999.80   999.80    89.95   999.80    46.66    71.44   759.58    15.51
 109.920    22.01    10.77    -4.86    38.74    26.26   100.00   100.00   100.00   100.00   -60.61   100.00   100.00   121.19    90.76    40.86   999.80   999.80   999.80   999.80    48.51   999.80   999.80    16.37
 110.049    22.39     4.27    14.60    22.57    21.47   100.00   100.00   100.00   100.00   -60.05   100.00   100.00   122.33    96.50    43.12   999.80   999.80   999.80   999.80    50.26   999.80   999.80    17.30
 110.179    21.32    -3.31    35.33     4.02    15.56   100.00   100.00   100.00   100.00   -58.85   100.00   100.00   122.05   106.33    45.76   999.80   999.80   999.80   999.80    52.07   999.80   999.80    18.31
 110.309    19.50   -11.74    56.77   -16.20     8.41   100.00   100.00   100.00   100.00   -56.81   100.00   100.00   119.84   122.20    48.80   999.80   999.80   999.80   999.80    54.19   999.80   999.80    19.46
 110.439    17.21   -25.82    79.41   -36.99     0.25   100.00   100.00   100.00   100.00   -53.47   100.00   100.00   114.96   147.66    52.18   999.80   999.80   999.80   999.80    56.91   999.80   999.80    20.62
 110.569    15.10    -3.39   100.00   -56.66    -8.99    28.73   100.00   100.00   100.00   -47.89   100.00   100.00   999.80   184.52    55.74    53.65   999.80   999.80   999.80    60.36   999.80   999.80    21.90
 110.698    13.59    -7.12   100.00   100.00   -19.46    25.06   100.00   100.00   100.00   -39.67   100.00   100.00   999.80   999.80    59.53    54.21   999.80   999.80   999.80    64.71   999.80   999.80    23.23
 110.828    13.49   -10.43   100.00   100.00   -30.92    21.95   100.00   100.00   100.00   -28.73   100.00   100.00   999.80   999.80    63.49    54.73   999.80   999.80   999.80    70.13   999.80   999.80    24.66
 110.958    15.70   -13.34   100.00   -78.79   -42.94    18.95   100.00   100.00   100.00   -15.19   100.00   100.00   999.80   243.78    67.89    55.12   999.80   999.80   999.80    76.48   999.80   999.80    26.29
 111.088    21.98   -30.52   100.00   -69.62   -55.38    15.96   100.00   100.00   100.00     1.37   100.00   100.00   999.80   217.92    73.32    55.26   999.80   999.80   999.80    84.32   999.80   999.80    28.03
 111.218    30.82   -20.58   100.00   -53.75   100.00    12.59   100.00   100.00   100.00    21.84   100.00   100.00   999.80   197.44   999.80    55.69   999.80   999.80   999.80    93.62   999.80   999.80    29.95
 111.348    39.62   -10.23   100.00   -29.29   100.00     8.83   100.00   100.00   100.00   100.00   100.00   100.00   999.80   192.38   999.80    56.50   999.80   999.80   999.80   999.80   999.80   999.80    31.70
 111.477    42.11     6.00   100.00     6.99   100.00     5.01   100.00   100.00   100.00   100.00   100.00   100.00   999.80   200.98   999.80    57.75   999.80   999.80   999.80   999.80   999.80   999.80    33.39
 111.607    45.24    43.25   100.00    54.80   100.00     0.90   100.00   100.00   100.00    95.51   100.00   100.00   999.80   222.94   999.80    59.54   999.80   999.80   999.80   116.98   999.80   999.80    35.09
 111.737    48.46    -3.86   100.00   100.00   100.00    -3.86   100.00   100.00   100.00   100.00   100.00   100.00   999.80   999.80   999.80    61.69   999.80   999.80   999.80   999.80   999.80   999.80    36.63
 111.867    51.41   -52.94   100.00   100.00   100.00    -9.88   100.00   -96.78   100.00   100.00   100.00   100.00   999.80   999.80   999.80    64.43   999.80   113.50   999.80   999.80   999.80   999.80    37.94
 111.997    53.47   -18.19   100.00   100.00   100.00   -18.19   100.00   -90.04   100.00   100.00   100.00   100.00   999.80   999.80   999.80    67.56   999.80   155.17   999.80   999.80   999.80   999.80    38.90
 112.126    53.58   -29.27   100.00   100.00   100.00   -29.27   100.00   100.00   100.00   100.00   100.00   100.00   999.80   999.80   999.80    71.06   999.80   999.80   999.80   999.80   999.80   999.80    39.63
 112.256    52.43   -43.94   100.00   100.00   100.00   -43.94   100.00   100.00   100.00   100.00   100.00   100.00   999.80   999.80   999.80    74.67   999.80   999.80   999.80   999.80   999.80   999.80    40.38
 112.386    51.14   -14.96   100.00   100.00   100.00   -63.29   100.00   100.00    30.92   100.00   100.00   100.00   999.80   999.80   999.80    78.03   999.80   999.80   999.90   999.80   999.80   999.80    41.39
 112.516    54.29   -40.29   100.00   100.00     4.14   -87.10   100.00   100.00   100.00   100.00   100.00   100.00   999.80   999.80   183.71    80.53   999.80   999.80   999.80   999.80   999.80   999.80    43.21
 112.646    50.14    26.46   100.00   100.00    26.46   100.00   100.00   100.00   100.00   100.00   100.00   100.00   999.80   999.80   188.07   999.80   999.80   999.80   999.80   999.80   999.80   999.80    45.64
 112.775    44.09    44.78   100.00   100.00    44.78   100.00   100.00   100.00   100.00   100.00   100.00   100.00   999.80   999.80   185.47   999.80   999.80   999.80   999.80   999.80   999.80   999.80    48.31
 112.905    36.28    73.82   100.00   100.00    61.26   100.00   100.00   100.00   100.00    70.11    95.41   100.00   999.80   999.80   175.91   999.80   999.80   999.80   999.80   132.84   144.39   999.80    51.16
 113.035    26.82    63.12   100.00   100.00    76.19   100.00   100.00   100.00   100.00    22.64    77.24   100.00   999.80   999.80   160.27   999.80   999.80   999.80   999.80   152.80   143.32   999.80    54.14
 113.165    17.76    49.58   100.00   100.00    91.12   100.00   100.00   100.00   100.00   -37.04    59.77   100.00   999.80   999.80   139.95   999.80   999.80   999.80   999.80   154.72   145.93   999.80    56.57
 113.295     7.80    44.25   100.00   100.00   100.00   100.00   100.00   100.00   100.00   100.00    44.25   100.00   999.80   999.80   999.80   999.80   999.80   999.80   999.80   999.80   148.71   999.80    58.22
 113.425    -3.21    31.83   100.00   100.00   100.00   100.00   100.00   100.00   100.00   100.00    31.83   100.00   999.80   999.80   999.80   999.80   999.80   999.80   999.80   999.80   150.34   999.80    59.50
 113.554   -13.46    22.25   100.00   100.00   100.00   100.00   100.00   100.00   100.00   100.00    22.25   100.00   999.80   999.80   999.80   999.80   999.80   999.80   999.80   999.80   149.98   999.80    60.71
 113.684   -23.40    14.03   100.00   100.00   100.00   100.00   100.00   100.00   100.00   100.00    14.03   100.00   999.80   999.80   999.80   999.80   999.80   999.80   999.80   999.80   148.37   999.80    61.79
 113.814   -40.79     6.93   100.00   100.00   100.00   100.00   100.00   100.00   100.00   100.00     6.93   100.00   999.80   999.80   999.80   999.80   999.80   999.80   999.80   999.80   146.65   999.80    61.82
 113.944   -55.66    -6.80   100.00   100.00   100.00   100.00   100.00   -13.25   100.00   100.00     2.08   100.00   999.80   999.80   999.80   999.80   999.80   999.90   999.80   999.80   144.93   999.80    61.92
 114.074   -66.83    -0.37   100.00   100.00   100.00   100.00   100.00   100.00   100.00   100.00    -0.37   100.00   999.80   999.80   999.80   999.80   999.80   999.80   999.80   999.80   143.85   999.80    62.28
 114.203   -75.34    -1.76   100.00   100.00   100.00   100.00   100.00   100.00   100.00   100.00    -1.76   100.00   999.80   999.80   999.80   999.80   999.80   999.80   999.80   999.80   143.71   999.80    63.54
 114.333   -81.88    -2.88   100.00   100.00   100.00   100.00   100.00   100.00   100.00   100.00    -2.88   100.00   999.80   999.80   999.80   999.80   999.80   999.80   999.80   999.80   145.65   999.80    66.22
 114.463   -80.61   -46.38   100.00   100.00   100.00   100.00   100.00   100.00   -75.22   100.00    -3.83   100.00   999.80   999.80   999.80   999.80   999.80   999.80   426.10   999.80   150.32   999.80    71.09
 114.593   -76.25   -42.05   100.00   100.00   100.00   -67.55   100.00   100.00   -43.76   100.00    -3.84   100.00   999.80   999.80   999.80   999.90   999.80   999.80   317.31   999.80   158.24   999.80    77.38
 114.723   -70.05   -14.39   100.00   100.00   100.00   100.00   100.00   100.00   -22.98   100.00    -1.72   100.00   999.80   999.80   999.80   999.80   999.80   999.80   295.60   999.80   169.65   999.80    85.67
 114.852   -61.81    -3.09   100.00   100.00   100.00   100.00   100.00   100.00    -8.52   100.00     4.94   100.00   999.80   999.80   999.80   999.80   999.80   999.80   296.42   999.80   183.63   999.80    95.43
 114.982   -50.41     2.61   100.00   100.00   100.00   100.00   100.00   100.00     2.61   100.00   100.00   100.00   999.80   999.80   999.80   999.80   999.80   999.80   308.95   999.80   999.80   999.80   106.59
 115.112   -35.27    14.91   100.00   100.00   100.00   100.00   100.00   100.00    14.91   100.00   100.00   100.00   999.80   999.80   999.80   999.80   999.80   999.80   328.27   999.80   999.80   999.80   118.11
 115.242   -14.87    31.50   100.00   100.00   100.00   100.00   100.00   100.00    31.50   100.00   100.00   100.00   999.80   999.80   999.80   999.80   999.80   999.80   350.00   999.80   999.80   999.80   130.11
 115.372     5.05    52.03   100.00   100.00   100.00   100.00   100.00   100.00    52.03   100.00   100.00   100.00   999.80   999.80   999.80   999.80   999.80   999.80   360.14   999.80   999.80   999.80   139.89
 115.502    23.92    72.52   100.00   100.00   100.00   100.00   100.00   100.00    72.52   100.00   100.00   100.00   999.80   999.80   999.80   999.80   999.80   999.80   348.51   999.80   999.80   999.80   143.78
 115.631    35.63    35.73   100.00   -19.82   100.00   100.00   100.00   100.00    88.45   100.00   100.00   100.00   999.80   999.90   999.80   999.80   999.80   999.80   316.54   999.80   999.80   999.80   141.86
 115.761    44.46     0.00   100.00   100.00   100.00   100.00   100.00   100.00   100.00   100.00   100.00   100.00   999.80   999.80   999.80   999.80   999.80   999.80   999.80   999.80   999.80   999.80   135.54
 115.891    50.25     0.00   100.00   100.00   100.00   100.00   100.00   100.00   100.00   100.00   100.00   100.00   999.80   999.80   999.80   999.80   999.80   999.80   999.80   999.80   999.80   999.80   128.02
 116.021    50.29     0.00   100.00   100.00   100.00   100.00   100.00   100.00   100.00   100.00   100.00   100.00   999.80   999.80   999.80   999.80   999.80   999.80   999.80   999.80   999.80   999.80   122.74
 116.151    50.97     0.00   100.00   100.00   100.00   100.00   100.00   100.00   100.00   100.00   100.00   100.00   999.80   999.80   999.80   999.80   999.80   999.80   999.80   999.80   999.80   999.80   117.61
 116.280    52.63     0.00   100.00   100.00   100.00   100.00   100.00   100.00   100.00   100.00   100.00   100.00   999.80   999.80   999.80   999.80   999.80   999.80   999.80   999.80   999.80   999.80   112.97
 116.410    52.07     0.00   100.00   100.00   100.00   100.00   100.00   100.00   100.00   100.00   100.00   100.00   999.80   999.80   999.80   999.80   999.80   999.80   999.80   999.80   999.80   999.80   109.70
 116.540    43.92    60.28   100.00   100.00   100.00   100.00   100.00   100.00    60.28   100.00   100.00   100.00   999.80   999.80   999.80   999.80   999.80   999.80   316.07   999.80   999.80   999.80   109.61
 116.670    39.14    29.58   100.00   100.00   100.00   100.00   100.00   100.00    29.58   100.00   100.00   100.00   999.80   999.80   999.80   999.80   999.80   999.80   346.00   999.80   999.80   999.80   109.22
 116.800    38.55     2.60   100.00   100.00   100.00   100.00   100.00   100.00     2.60   100.00   100.00   100.00   999.80   999.80   999.80   999.80   999.80   999.80   359.27   999.80   999.80   999.80   110.96
 116.930    40.03   -22.21   100.00   100.00   100.00   100.00   100.00   100.00   -22.21   100.00   100.00   100.00   999.80   999.80   999.80   999.80   999.80   999.80   363.59   999.80   999.80   999.80   116.73
 117.059    43.01   -46.33   100.00   100.00   100.00   100.00   100.00   100.00   -46.33   100.00   100.00   100.00   999.80   999.80   999.80   999.80   999.80   999.80   359.93   999.80   999.80   999.80   127.14
 117.189    45.90   -70.49   100.00   100.00   100.00   100.00   100.00   100.00   -70.49   100.00   100.00   100.00   999.80   999.80   999.80   999.80   999.80   999.80   344.78   999.80   999.80   999.80   143.49
 117.319   100.00   -94.89   100.00   100.00   100.00   100.00   100.00   100.00   -94.89   100.00   100.00   100.00   999.80   999.80   999.80   999.80   999.80   999.80   316.60   999.80   999.80   999.80   999.50
 117.449   100.00     0.00   100.00   100.00   100.00   100.00   100.00   100.00   100.00   100.00   100.00   100.00   999.80   999.80   999.80   999.80   999.80   999.80   999.80   999.80   999.80   999.80   999.50
 117.579   100.00     0.00   100.00   100.00   100.00   100.00   100.00   100.00   100.00   100.00   100.00   100.00   999.80   999.80   999.80   999.80   999.80   999.80   999.80   999.80   999.80   999.80   999.50
 117.708   100.00     0.00   100.00   100.00   100.00   100.00   100.00   100.00   100.00   100.00   100.00   100.00   999.80   999.80   999.80   999.80   999.80   999.80   999.80   999.80   999.80   999.80   999.50
 117.838   100.00     0.00   100.00   100.00   100.00   100.00   100.00   100.00   100.00   100.00   100.00   100.00   999.80   999.80   999.80   999.80   999.80   999.80   999.80   999.80   999.80   999.80   999.50
 117.968   100.00     0.00   100.00   100.00   100.00   100.00   100.00   100.00   100.00   100.00   100.00   100.00   999.80   999.80   999.80   999.80   999.80   999.80   999.80   999.80   999.80   999.80   999.50
 118.098   100.00     0.00   100.00   100.00   100.00   100.00   100.00   100.00   100.00   100.00   100.00   100.00   999.80   999.80   999.80   999.80   999.80   999.80   999.80   999.80   999.80   999.80   999.50
 118.228    20.94   -47.12   100.00   100.00   -47.12   100.00   100.00   100.00   100.00   100.00   100.00   100.00   999.80   999.80    44.91   999.80   999.80   999.80   999.80   999.80   999.80   999.80    28.54
 118.357   100.00     0.00   100.00   100.00   100.00   100.00   100.00   100.00   100.00   100.00   100.00   100.00   999.80   999.80   999.80   999.80   999.80   999.80   999.80   999.80   999.80   999.80   999.50
 118.487   100.00     0.00   100.00   100.00   100.00   100.00   100.00   100.00   100.00   100.00   100.00   100.00   999.80   999.80   999.80   999.80   999.80   999.80   999.80   999.80   999.80   999.80   999.50
 118.617   100.00     2.84   100.00   100.00   100.00   100.00   100.00   100.00   100.00   100.00   100.00     2.84   999.80   999.80   999.80   999.80   999.80   999.80   999.80   999.80   999.80    87.41   999.50
 118.747   100.00     0.00   100.00   100.00   100.00   100.00   100.00   100.00   100.00   100.00   100.00   100.00   999.80   999.80   999.80   999.80   999.80   999.80   999.80   999.80   999.80   999.80   999.50
 118.877   100.00    12.58   100.00   100.00   100.00   100.00   100.00   100.00   100.00    12.58   100.00   100.00   999.80   999.80   999.80   999.80   999.80   999.80   999.80    82.42   999.80   999.80   999.50
 119.007   100.00     0.00   100.00   100.00   100.00   100.00   100.00   100.00   100.00   100.00   100.00   100.00   999.80   999.80   999.80   999.80   999.80   999.80   999.80   999.80   999.80   999.80   999.50
 119.136   100.00     0.00   100.00   100.00   100.00   100.00   100.00   100.00   100.00   100.00   100.00   100.00   999.80   999.80   999.80   999.80   999.80   999.80   999.80   999.80   999.80   999.80   999.50
 119.266   100.00     0.00   100.00   100.00   100.00   100.00   100.00   100.00   100.00   100.00   100.00   100.00   999.80   999.80   999.80   999.80   999.80   999.80   999.80   999.80   999.80   999.80   999.50
 119.396    44.69     0.00   100.00   100.00   100.00   100.00   100.00   100.00   100.00   100.00   100.00   100.00   999.80   999.80   999.80   999.80   999.80   999.80   999.80   999.80   999.80   999.80    38.77
 119.526   100.00     0.00   100.00   100.00   100.00   100.00   100.00   100.00   100.00   100.00   100.00   100.00   999.80   999.80   999.80   999.80   999.80   999.80   999.80   999.80   999.80   999.80   999.50
