 file = Vint18251_29_nw3sg3nFnC
..\data\comtec\18251\    c:\naanalysis\18infiles\lg18251_29.nw3
The analysis was done on Sat Sep 08 09:28:02 2018
      10 sets of data taken at intervals centered at UT times
   2.50    3.50    4.50    5.50    6.50    7.50    8.50    9.50   10.50   11.50
number of good crossover files(      1000.00 shots) in each interval
   9   55   60   58   36   57   59   35   50    9
number of good peak files(      1000.00 shots) in each interval
   9   55   60   58   36   57   59   35   50    9
  29 bins ( 149.9 m full width) used in Hanning smoothing giving a resolution of
   2.2 km
 Calc temperatures in deg K, sodium densities in atoms/m^3, vel in m/sec
  with lower and upper velocity limits imposed -100.0  100.0  m/sec
   999.9 m/sec is the maximum imposed on the velocity error bars 
cutoffs at photon levels:  altitudes (km) 
lower cutoffs for each interval
   1.00   78.44   78.16   79.28   78.30   78.02   79.85   80.27   82.66   82.10   82.52
   3.30   78.86   78.86   79.56   78.44   78.44   80.27   80.55   83.09   82.38   82.80
   8.30   79.14   79.42   79.85   78.72   78.86   80.69   80.97   83.37   82.66   83.09
  16.70   79.56   79.85   79.99   79.00   79.28   80.97   81.40   83.65   83.09   83.23
  33.30   80.13   80.41   80.27   79.42   79.71   81.40   81.96   84.07   83.37   83.51
upper cutoffs for each interval:  altitudes (km) 
   1.00  108.58  112.38  112.10  111.68  111.12  112.24  111.68  111.82  110.13  108.86
   3.30  106.47  106.61  108.72  108.44  107.88  108.86  109.00  108.44  107.03  105.48
   8.30  102.81  103.79  105.20  105.91  106.05  106.61  107.17  106.47  104.92  103.23
  16.70  100.83  101.68  102.95  104.07  104.36  104.92  105.48  104.64  103.23  101.82
  33.30   98.72   99.71  101.68  101.68  102.67  102.67  102.52  102.95  101.26  100.69
 UT hours at center of interval
 e.g. Vint5.5 is vel (m/s) from 5 to 6 for hour intervals
 altit  VPhottoNite__29_nw3sg3nFnC VAvgNite__29_nw3sg3nFnC  Vint2.50__29_nw3sg3nFnC  Vint3.50__29_nw3sg3nFnC  Vint4.50__29_nw3sg3nFnC  Vint5.50__29_nw3sg3nFnC  Vint6.50__29_nw3sg3nFnC  Vint7.50__29_nw3sg3nFnC  Vint8.50__29_nw3sg3nFnC  Vint9.50__29_nw3sg3nFnC  Vint10.50__29_nw3sg3nFnC  Vint11.50__29_nw3sg3nFnC  ErVintV2.50__29_nw3sg3nFnC  ErVintV3.50__29_nw3sg3nFnC  ErVintV4.50__29_nw3sg3nFnC  ErVintV5.50__29_nw3sg3nFnC  ErVintV6.50__29_nw3sg3nFnC  ErVintV7.50__29_nw3sg3nFnC  ErVintV8.50__29_nw3sg3nFnC  ErVintV9.50__29_nw3sg3nFnC  ErVintV10.50__29_nw3sg3nFnC  ErVintV11.50__29_nw3sg3nFnC  ErVNiteV__29_nw3sg3nFnC
  69.987   100.00     0.00   100.00   100.00   100.00   100.00   100.00   100.00   100.00   100.00   100.00   100.00   999.80   999.80   999.80   999.80   999.80   999.80   999.80   999.80   999.80   999.80   999.50
  70.127   100.00     0.00   100.00   100.00   100.00   100.00   100.00   100.00   100.00   100.00   100.00   100.00   999.80   999.80   999.80   999.80   999.80   999.80   999.80   999.80   999.80   999.80   999.50
  70.268   100.00     0.00   100.00   100.00   100.00   100.00   100.00   100.00   100.00   100.00   100.00   100.00   999.80   999.80   999.80   999.80   999.80   999.80   999.80   999.80   999.80   999.80   999.50
  70.409   100.00     0.00   100.00   100.00   100.00   100.00   100.00   100.00   100.00   100.00   100.00   100.00   999.80   999.80   999.80   999.80   999.80   999.80   999.80   999.80   999.80   999.80   999.50
  70.550   100.00     0.00   100.00   100.00   100.00   100.00   100.00   100.00   100.00   100.00   100.00   100.00   999.80   999.80   999.80   999.80   999.80   999.80   999.80   999.80   999.80   999.80   999.50
  70.691   100.00     0.00   100.00   100.00   100.00   100.00   100.00   100.00   100.00   100.00   100.00   100.00   999.80   999.80   999.80   999.80   999.80   999.80   999.80   999.80   999.80   999.80   999.50
  70.832   100.00     0.00   100.00   100.00   100.00   100.00   100.00   100.00   100.00   100.00   100.00   100.00   999.80   999.80   999.80   999.80   999.80   999.80   999.80   999.80   999.80   999.80   999.50
  70.973   100.00     0.00   100.00   100.00   100.00   100.00   100.00   100.00   100.00   100.00   100.00   100.00   999.80   999.80   999.80   999.80   999.80   999.80   999.80   999.80   999.80   999.80   999.50
  71.113   100.00     0.00   100.00   100.00   100.00   100.00   100.00   100.00   100.00   100.00   100.00   100.00   999.80   999.80   999.80   999.80   999.80   999.80   999.80   999.80   999.80   999.80   999.50
  71.254   -61.79    78.36   100.00   100.00   100.00   100.00   100.00   100.00   100.00   100.00    78.36   100.00   999.80   999.80   999.80   999.80   999.80   999.80   999.80   999.80    56.16   999.80    20.17
  71.395   100.00     0.00   100.00   100.00   100.00   100.00   100.00   100.00   100.00   100.00   100.00   100.00   999.80   999.80   999.80   999.80   999.80   999.80   999.80   999.80   999.80   999.80   999.50
  71.536   100.00     0.00   100.00   100.00   100.00   100.00   100.00   100.00   100.00   100.00   100.00   100.00   999.80   999.80   999.80   999.80   999.80   999.80   999.80   999.80   999.80   999.80   999.50
  71.677   -23.97     0.00   100.00   100.00   100.00   100.00   100.00   100.00   100.00   100.00   100.00   100.00   999.80   999.80   999.80   999.80   999.80   999.80   999.80   999.80   999.80   999.80    33.91
  71.818   100.00     0.00   100.00   100.00   100.00   100.00   100.00   100.00   100.00   100.00   100.00   100.00   999.80   999.80   999.80   999.80   999.80   999.80   999.80   999.80   999.80   999.80   999.50
  71.959    97.28     0.00   100.00   100.00   100.00   100.00   100.00   100.00   100.00   100.00   100.00   100.00   999.80   999.80   999.80   999.80   999.80   999.80   999.80   999.80   999.80   999.80    89.19
  72.099    88.26     0.00   100.00   100.00   100.00   100.00   100.00   100.00   100.00   100.00   100.00   100.00   999.80   999.80   999.80   999.80   999.80   999.80   999.80   999.80   999.80   999.80    90.10
  72.240    78.47     0.00   100.00   100.00   100.00   100.00   100.00   100.00   100.00   100.00   100.00   100.00   999.80   999.80   999.80   999.80   999.80   999.80   999.80   999.80   999.80   999.80    89.74
  72.381    66.76     0.00   100.00   100.00   100.00   100.00   100.00   100.00   100.00   100.00   100.00   100.00   999.80   999.80   999.80   999.80   999.80   999.80   999.80   999.80   999.80   999.80    89.29
  72.522    57.98     0.00   100.00   100.00   100.00   100.00   100.00   100.00   100.00   100.00   100.00   100.00   999.80   999.80   999.80   999.80   999.80   999.80   999.80   999.80   999.80   999.80    88.59
  72.663    53.42     0.00   100.00   100.00   100.00   100.00   100.00   100.00   100.00   100.00   100.00   100.00   999.80   999.80   999.80   999.80   999.80   999.80   999.80   999.80   999.80   999.80    88.62
  72.804    40.68     0.00   100.00   100.00   100.00   100.00   100.00   100.00   100.00   100.00   100.00   100.00   999.80   999.80   999.80   999.80   999.80   999.80   999.80   999.80   999.80   999.80    93.29
  72.945    28.99     0.00   100.00   100.00   100.00   100.00   100.00   100.00   100.00   100.00   100.00   100.00   999.80   999.80   999.80   999.80   999.80   999.80   999.80   999.80   999.80   999.80   102.30
  73.085   100.00   -25.80   100.00   100.00   100.00   100.00   100.00   100.00   100.00   100.00   100.00   -25.80   999.80   999.80   999.80   999.80   999.80   999.80   999.80   999.80   999.80   999.90   999.50
  73.226   100.00    61.34   100.00    61.34   100.00   100.00   100.00   100.00   100.00   100.00   100.00   100.00   999.80   222.17   999.80   999.80   999.80   999.80   999.80   999.80   999.80   999.80   999.50
  73.367    -3.22    12.31   100.00    12.31   100.00   100.00   100.00   100.00   100.00   100.00   100.00   100.00   999.80   256.80   999.80   999.80   999.80   999.80   999.80   999.80   999.80   999.80   119.62
  73.508   -20.21   -37.28   100.00   -37.28   100.00   100.00   100.00   100.00   100.00   100.00   100.00   100.00   999.80   303.04   999.80   999.80   999.80   999.80   999.80   999.80   999.80   999.80   125.95
  73.649   -43.41     0.00   100.00   100.00   100.00   100.00   100.00   100.00   100.00   100.00   100.00   100.00   999.80   999.80   999.80   999.80   999.80   999.80   999.80   999.80   999.80   999.80   137.71
  73.790   -70.55     0.00   100.00   100.00   100.00   100.00   100.00   100.00   100.00   100.00   100.00   100.00   999.80   999.80   999.80   999.80   999.80   999.80   999.80   999.80   999.80   999.80   156.02
  73.931   -93.58     0.00   100.00   100.00   100.00   100.00   100.00   100.00   100.00   100.00   100.00   100.00   999.80   999.80   999.80   999.80   999.80   999.80   999.80   999.80   999.80   999.80   164.84
  74.071   100.00     0.00   100.00   100.00   100.00   100.00   100.00   100.00   100.00   100.00   100.00   100.00   999.80   999.80   999.80   999.80   999.80   999.80   999.80   999.80   999.80   999.80   999.50
  74.212   100.00     0.00   100.00   100.00   100.00   100.00   100.00   100.00   100.00   100.00   100.00   100.00   999.80   999.80   999.80   999.80   999.80   999.80   999.80   999.80   999.80   999.80   999.50
  74.353   100.00     0.00   100.00   100.00   100.00   100.00   100.00   100.00   100.00   100.00   100.00   100.00   999.80   999.80   999.80   999.80   999.80   999.80   999.80   999.80   999.80   999.80   999.50
  74.494   100.00     0.00   100.00   100.00   100.00   100.00   100.00   100.00   100.00   100.00   100.00   100.00   999.80   999.80   999.80   999.80   999.80   999.80   999.80   999.80   999.80   999.80   999.50
  74.635   100.00     0.00   100.00   100.00   100.00   100.00   100.00   100.00   100.00   100.00   100.00   100.00   999.80   999.80   999.80   999.80   999.80   999.80   999.80   999.80   999.80   999.80   999.50
  74.776   100.00     0.00   100.00   100.00   100.00   100.00   100.00   100.00   100.00   100.00   100.00   100.00   999.80   999.80   999.80   999.80   999.80   999.80   999.80   999.80   999.80   999.80   999.50
  74.917   100.00     0.00   100.00   100.00   100.00   100.00   100.00   100.00   100.00   100.00   100.00   100.00   999.80   999.80   999.80   999.80   999.80   999.80   999.80   999.80   999.80   999.80   999.50
  75.057   100.00     0.00   100.00   100.00   100.00   100.00   100.00   100.00   100.00   100.00   100.00   100.00   999.80   999.80   999.80   999.80   999.80   999.80   999.80   999.80   999.80   999.80   999.50
  75.198   100.00   -90.67   -90.67   100.00   100.00   100.00   100.00   100.00   100.00   100.00   100.00   100.00   224.53   999.80   999.80   999.80   999.80   999.80   999.80   999.80   999.80   999.80   999.50
  75.339   100.00    -2.33    -2.33   100.00   100.00   100.00   100.00   100.00   100.00   100.00   100.00   100.00   255.97   999.80   999.80   999.80   999.80   999.80   999.80   999.80   999.80   999.80   999.50
  75.480   100.00    74.53    74.54   100.00   100.00   100.00   100.00   100.00   100.00   100.00   100.00   100.00   271.40   999.80   999.80   999.80   999.80   999.80   999.80   999.80   999.80   999.80   999.50
  75.621   100.00   -32.09   100.00   100.00   100.00   100.00   100.00   100.00   100.00   -32.09   100.00   100.00   999.80   999.80   999.80   999.80   999.80   999.80   999.80   999.90   999.80   999.80   999.50
  75.762   100.00     0.00   100.00   100.00   100.00   100.00   100.00   100.00   100.00   100.00   100.00   100.00   999.80   999.80   999.80   999.80   999.80   999.80   999.80   999.80   999.80   999.80   999.50
  75.903   100.00     0.00   100.00   100.00   100.00   100.00   100.00   100.00   100.00   100.00   100.00   100.00   999.80   999.80   999.80   999.80   999.80   999.80   999.80   999.80   999.80   999.80   999.50
  76.043   100.00     0.00   100.00   100.00   100.00   100.00   100.00   100.00   100.00   100.00   100.00   100.00   999.80   999.80   999.80   999.80   999.80   999.80   999.80   999.80   999.80   999.80   999.50
  76.184   100.00   -12.91   100.00   100.00   100.00   100.00   100.00   -12.99   100.00   -12.79   100.00   100.00   999.80   999.80   999.80   999.80   999.80   999.90   999.80   999.90   999.80   999.80   999.50
  76.325   100.00     0.00   100.00   100.00   100.00   100.00   100.00   100.00   100.00   100.00   100.00   100.00   999.80   999.80   999.80   999.80   999.80   999.80   999.80   999.80   999.80   999.80   999.50
  76.466   100.00   -12.13   100.00   100.00   100.00   -12.13   100.00   100.00   100.00   100.00   100.00   100.00   999.80   999.80   999.80   999.90   999.80   999.80   999.80   999.80   999.80   999.80   999.50
  76.607   100.00     0.00   100.00   100.00   100.00   100.00   100.00   100.00   100.00   100.00   100.00   100.00   999.80   999.80   999.80   999.80   999.80   999.80   999.80   999.80   999.80   999.80   999.50
  76.748   100.00     0.00   100.00   100.00   100.00   100.00   100.00   100.00   100.00   100.00   100.00   100.00   999.80   999.80   999.80   999.80   999.80   999.80   999.80   999.80   999.80   999.80   999.50
  76.889   100.00     0.00   100.00   100.00   100.00   100.00   100.00   100.00   100.00   100.00   100.00   100.00   999.80   999.80   999.80   999.80   999.80   999.80   999.80   999.80   999.80   999.80   999.50
  77.029   100.00     0.00   100.00   100.00   100.00   100.00   100.00   100.00   100.00   100.00   100.00   100.00   999.80   999.80   999.80   999.80   999.80   999.80   999.80   999.80   999.80   999.80   999.50
  77.170   100.00     0.00   100.00   100.00   100.00   100.00   100.00   100.00   100.00   100.00   100.00   100.00   999.80   999.80   999.80   999.80   999.80   999.80   999.80   999.80   999.80   999.80   999.50
  77.311   100.00     0.00   100.00   100.00   100.00   100.00   100.00   100.00   100.00   100.00   100.00   100.00   999.80   999.80   999.80   999.80   999.80   999.80   999.80   999.80   999.80   999.80   999.50
  77.452   100.00     0.00   100.00   100.00   100.00   100.00   100.00   100.00   100.00   100.00   100.00   100.00   999.80   999.80   999.80   999.80   999.80   999.80   999.80   999.80   999.80   999.80   999.50
  77.593   100.00     0.00   100.00   100.00   100.00   100.00   100.00   100.00   100.00   100.00   100.00   100.00   999.80   999.80   999.80   999.80   999.80   999.80   999.80   999.80   999.80   999.80   999.50
  77.734   100.00    -5.76   100.00   100.00    -5.76   100.00   100.00   100.00   100.00   100.00   100.00   100.00   999.80   999.80   182.05   999.80   999.80   999.80   999.80   999.80   999.80   999.80   999.50
  77.875    89.12   -30.96   100.00   100.00   -30.96   100.00   100.00   100.00   100.00   100.00   100.00   100.00   999.80   999.80   177.88   999.80   999.80   999.80   999.80   999.80   999.80   999.80    67.99
  78.015    63.24   -14.13   100.00    34.10   -51.99   -85.87    90.87   100.00   100.00   100.00   100.00   100.00   999.80    96.19   173.12   121.04    51.07   999.80   999.80   999.80   999.80   999.80    45.40
  78.156    47.91    -9.74   -27.15    37.92   -69.53   -35.05    62.25   100.00   100.00   100.00   100.00   100.00   258.06    69.51   174.34    54.16    37.33   999.80   999.80   999.80   999.80   999.80    30.63
  78.297    36.31    -9.72    32.90    37.27   -85.06   -15.53    42.78   100.00   100.00   100.00   100.00   100.00   190.65    51.76   189.84    28.22    26.61   999.80   999.80   999.80   999.80   999.80    20.63
  78.438    27.86    19.82    56.52    35.06   100.00    -6.39    29.60   100.00   100.00   100.00   100.00   100.00   121.01    39.25   999.80    16.33    18.99   999.80   999.80   999.80   999.80   999.80    14.01
  78.579    21.74    18.57    57.67    32.17   100.00    -1.84    20.89   100.00   100.00   100.00   100.00   100.00    78.09    30.10   999.80    10.21    13.69   999.80   999.80   999.80   999.80   999.80     9.67
  78.720    17.56    16.61    50.66    28.97   100.00     0.58    15.06   100.00   100.00   100.00   100.00   100.00    52.33    23.28   999.80     6.80    10.10   999.80   999.80   999.80   999.80   999.80     6.84
  78.861    14.41    14.67    42.24    25.94   100.00     1.97    11.03   100.00   100.00   100.00   100.00   100.00    36.42    18.07   999.80     4.79     7.61   999.80   999.80   999.80   999.80   999.80     4.98
  79.001    11.99    13.04    34.65    23.36   100.00     2.89     8.25   100.00   100.00   100.00   100.00   100.00    26.29    14.17   999.80     3.54     5.89   999.80   999.80   999.80   999.80   999.80     3.73
  79.142    10.53    11.88    28.53    21.38   100.00     3.68     6.42   100.00   100.00   100.00   100.00   100.00    19.74    11.25   999.80     2.75     4.68   999.80   999.80   999.80   999.80   999.80     2.88
  79.283     9.83     8.78    23.89    19.94     2.53     4.43     5.37   100.00   100.00   100.00   100.00   100.00    15.29     9.05    63.40     2.21     3.81   999.80   999.80   999.80   999.80   999.80     2.29
  79.424     9.71    11.02    20.42    18.96    11.69     5.14     4.87   100.00   100.00   100.00   100.00   100.00    12.21     7.38    32.80     1.84     3.18   999.80   999.80   999.80   999.80   999.80     1.88
  79.565     9.78    11.28    17.78    18.35    13.07     5.79     4.71   100.00   100.00   100.00   100.00   100.00    10.02     6.10    18.02     1.59     2.72   999.80   999.80   999.80   999.80   999.80     1.58
  79.706     9.98    10.95    15.75    17.98    11.93     6.38     4.74   100.00   100.00   100.00   100.00   100.00     8.39     5.12    10.46     1.41     2.37   999.80   999.80   999.80   999.80   999.80     1.37
  79.847    10.10    10.58    14.23    17.75    10.41     6.90     4.90   100.00   100.00   100.00   100.00   100.00     7.19     4.34     6.44     1.27     2.10   999.80   999.80   999.80   999.80   999.80     1.22
  79.987     9.94    27.10    13.16    17.59     9.19     7.35     5.10    91.33   100.00   100.00   100.00   100.00     6.27     3.74     4.22     1.17     1.89    23.09   999.80   999.80   999.80   999.80     1.11
  80.128     9.64    23.62    12.47    17.43     8.28     7.75     5.29    62.51    35.92   100.00   100.00   100.00     5.55     3.26     2.95     1.10     1.73    18.39    69.82   999.80   999.80   999.80     1.03
  80.269     9.34    15.86    12.06    17.21     7.61     8.11     5.44    44.11    10.28   100.00   100.00   100.00     4.98     2.88     2.20     1.05     1.60    13.50    36.08   999.80   999.80   999.80     0.97
  80.410     9.04    11.72    11.82    16.90     7.12     8.42     5.53    31.45    -0.51   100.00   100.00   100.00     4.52     2.57     1.74     1.00     1.50     9.85    22.14   999.80   999.80   999.80     0.92
  80.551     8.76     6.26    11.71    16.52     6.78     8.70     5.53    22.62    -5.93   -21.48   100.00   100.00     4.15     2.31     1.44     0.97     1.42     7.30    14.89   658.21   999.80   999.80     0.89
  80.692     8.49    11.36    11.67    16.11     6.56     8.94     5.44    16.37    -8.98    48.28   100.00   100.00     3.84     2.10     1.25     0.94     1.35     5.53    10.66   801.50   999.80   999.80     0.86
  80.833     8.22     6.31    11.62    15.69     6.41     9.14     5.28    11.84   -10.82   100.00   100.00   100.00     3.58     1.91     1.13     0.92     1.29     4.31     7.97   999.80   999.80   999.80     0.84
  80.973     7.96     5.44    11.62    15.24     6.31     9.29     5.07     8.46   -12.02   100.00   100.00   100.00     3.36     1.76     1.04     0.90     1.25     3.44     6.20   999.80   999.80   999.80     0.83
  81.114     7.70     4.74    11.69    14.74     6.23     9.40     4.78     5.88   -12.88   100.00   100.00   100.00     3.17     1.63     0.98     0.89     1.21     2.82     4.97   999.80   999.80   999.80     0.82
  81.255     7.40     4.16    11.83    14.18     6.17     9.47     4.42     3.86   -13.49   100.00   100.00   100.00     3.00     1.51     0.94     0.87     1.17     2.37     4.08   999.80   999.80   999.80     0.81
  81.396     7.08     3.66    12.03    13.58     6.12     9.50     3.98     2.24   -13.92   100.00   100.00   100.00     2.86     1.41     0.91     0.86     1.14     2.04     3.43   999.80   999.80   999.80     0.80
  81.537     6.74     3.23    12.28    12.96     6.07     9.49     3.47     0.89   -14.16   100.00   100.00   100.00     2.73     1.32     0.88     0.86     1.12     1.79     2.94   999.80   999.80   999.80     0.79
  81.678     6.39     2.85    12.54    12.33     6.01     9.43     2.91    -0.27   -14.16   100.00   100.00   100.00     2.61     1.25     0.86     0.85     1.09     1.59     2.56   999.80   999.80   999.80     0.79
  81.819     6.04     2.53    12.79    11.70     5.94     9.33     2.31    -1.23   -13.99   100.00  -100.00   100.00     2.50     1.18     0.85     0.84     1.07     1.44     2.27   999.80   999.80   999.80     0.79
  81.959     5.70    -4.79    12.99    11.09     5.87     9.19     1.72    -2.05   -13.71   100.00   -51.79   100.00     2.40     1.12     0.84     0.84     1.05     1.33     2.03   999.80    64.44   999.80     0.78
  82.100     5.36    -2.39    13.13    10.50     5.80     9.03     1.16    -2.77   -13.38   100.00   -31.61   100.00     2.30     1.07     0.83     0.83     1.04     1.23     1.84   999.80    35.75   999.80     0.78
  82.241     5.01    -1.34    13.20     9.96     5.72     8.82     0.64    -3.40   -13.03   100.00   -21.89   100.00     2.22     1.03     0.82     0.83     1.02     1.16     1.69   999.80    21.66   999.80     0.78
  82.382     4.66    -0.85    13.21     9.47     5.63     8.58     0.18    -3.95   -12.70   100.00   -16.67   100.00     2.13     0.99     0.82     0.82     1.00     1.10     1.56   999.80    14.06   999.80     0.77
  82.523     4.34    -0.64    13.17     9.01     5.55     8.31    -0.22    -4.43   -12.37   100.00   -13.69   100.00     2.05     0.96     0.81     0.82     0.99     1.05     1.46   999.80     9.66   999.80     0.77
  82.664     4.00     5.49    13.10     8.57     5.47     8.02    -0.55    -4.86   -12.04    90.74   -12.08   -66.30     1.97     0.94     0.81     0.82     0.97     1.01     1.37    52.19     6.92    51.11     0.77
  82.805     3.66     2.53    12.97     8.15     5.38     7.70    -0.81    -5.24   -11.71    46.89   -11.19   -35.15     1.90     0.91     0.81     0.82     0.96     0.98     1.30    33.83     5.15    30.85     0.77
  82.945     3.31     0.78    12.80     7.75     5.29     7.35    -1.00    -5.59   -11.40    22.94   -10.74   -21.11     1.82     0.89     0.80     0.81     0.95     0.95     1.24    21.83     3.95    19.26     0.77
  83.086     2.94    -0.28    12.61     7.35     5.20     6.97    -1.13    -5.90   -11.08     9.52   -10.56   -14.48     1.75     0.88     0.80     0.81     0.94     0.93     1.18    14.58     3.12    12.72     0.77
  83.227     2.58    -0.96    12.39     6.96     5.11     6.56    -1.23    -6.15   -10.76     1.73   -10.48   -11.14     1.68     0.87     0.80     0.81     0.93     0.91     1.14    10.12     2.54     8.90     0.77
  83.368     2.21    -1.42    12.17     6.59     5.00     6.12    -1.31    -6.34   -10.42    -2.86   -10.50    -9.38     1.62     0.85     0.80     0.81     0.92     0.90     1.10     7.30     2.12     6.56     0.77
  83.509     1.83    -1.74    11.94     6.22     4.89     5.65    -1.38    -6.48   -10.06    -5.63   -10.56    -8.41     1.55     0.85     0.80     0.81     0.91     0.88     1.07     5.46     1.81     5.05     0.76
  83.650     1.46    -1.97    11.71     5.85     4.79     5.15    -1.47    -6.59    -9.70    -7.33   -10.57    -7.84     1.49     0.84     0.80     0.80     0.90     0.87     1.04     4.23     1.58     4.04     0.76
  83.791     1.08    -2.15    11.48     5.50     4.68     4.63    -1.57    -6.67    -9.35    -8.34   -10.55    -7.50     1.43     0.83     0.80     0.80     0.89     0.86     1.01     3.38     1.41     3.33     0.76
  83.931     0.72    -2.29    11.25     5.16     4.58     4.11    -1.70    -6.73    -8.99    -8.93   -10.53    -7.27     1.38     0.82     0.79     0.80     0.89     0.86     0.99     2.78     1.29     2.83     0.76
  84.072     0.36    -2.42    10.99     4.84     4.49     3.59    -1.85    -6.79    -8.63    -9.26   -10.51    -7.11     1.33     0.82     0.79     0.80     0.88     0.85     0.97     2.34     1.19     2.47     0.76
  84.213     0.02    -2.52    10.72     4.54     4.41     3.07    -2.02    -6.86    -8.27    -9.38   -10.50    -6.99     1.28     0.82     0.79     0.80     0.88     0.84     0.96     2.01     1.11     2.19     0.76
  84.354    -0.31    -2.60    10.43     4.28     4.36     2.55    -2.21    -6.94    -7.91    -9.29   -10.45    -6.86     1.24     0.81     0.79     0.80     0.87     0.84     0.94     1.76     1.06     1.98     0.76
  84.495    -0.61    -2.65    10.15     4.03     4.33     2.05    -2.41    -7.02    -7.54    -8.97   -10.36    -6.67     1.20     0.81     0.79     0.80     0.87     0.84     0.93     1.57     1.01     1.82     0.76
  84.636    -0.88    -2.66     9.91     3.79     4.32     1.55    -2.64    -7.09    -7.17    -8.43   -10.22    -6.40     1.17     0.81     0.79     0.80     0.87     0.83     0.91     1.41     0.97     1.69     0.76
  84.777    -1.12    -2.65     9.70     3.58     4.34     1.08    -2.89    -7.14    -6.80    -7.72   -10.04    -6.07     1.14     0.80     0.79     0.79     0.86     0.83     0.90     1.29     0.94     1.59     0.76
  84.917    -1.33    -2.60     9.51     3.38     4.38     0.62    -3.16    -7.15    -6.42    -6.88    -9.81    -5.72     1.11     0.80     0.79     0.79     0.86     0.83     0.89     1.20     0.92     1.51     0.76
  85.058    -1.49    -2.53     9.31     3.19     4.44     0.19    -3.46    -7.10    -6.04    -5.93    -9.54    -5.36     1.09     0.80     0.79     0.79     0.86     0.82     0.89     1.12     0.90     1.44     0.76
  85.199    -1.61    -2.43     9.10     3.02     4.52    -0.21    -3.78    -6.98    -5.63    -4.92    -9.23    -5.02     1.07     0.80     0.79     0.79     0.86     0.82     0.88     1.06     0.88     1.39     0.76
  85.340    -1.67    -2.30     8.87     2.85     4.62    -0.58    -4.11    -6.78    -5.20    -3.88    -8.87    -4.70     1.05     0.80     0.79     0.79     0.86     0.82     0.87     1.01     0.87     1.34     0.76
  85.481    -1.69    -2.14     8.64     2.69     4.75    -0.91    -4.45    -6.50    -4.73    -2.89    -8.48    -4.41     1.03     0.80     0.79     0.79     0.86     0.81     0.86     0.97     0.86     1.30     0.76
  85.622    -1.66    -1.97     8.40     2.54     4.91    -1.19    -4.78    -6.14    -4.24    -2.00    -8.07    -4.14     1.02     0.80     0.79     0.79     0.86     0.81     0.85     0.93     0.85     1.27     0.76
  85.763    -1.59    -1.78     8.17     2.39     5.08    -1.43    -5.08    -5.72    -3.73    -1.24    -7.64    -3.88     1.01     0.80     0.79     0.79     0.86     0.81     0.85     0.91     0.84     1.24     0.76
  85.903    -1.48    -1.58     7.93     2.24     5.28    -1.62    -5.33    -5.23    -3.22    -0.62    -7.19    -3.62     1.00     0.79     0.79     0.79     0.86     0.80     0.84     0.88     0.84     1.22     0.76
  86.044    -1.33    -1.37     7.68     2.10     5.49    -1.76    -5.52    -4.70    -2.75    -0.17    -6.70    -3.39     1.00     0.79     0.79     0.79     0.86     0.80     0.83     0.87     0.83     1.20     0.76
  86.185    -1.16    -1.16     7.42     1.96     5.71    -1.83    -5.62    -4.14    -2.33     0.12    -6.19    -3.16     0.99     0.79     0.79     0.79     0.86     0.80     0.83     0.85     0.83     1.18     0.76
  86.326    -0.97    -0.95     7.17     1.82     5.95    -1.84    -5.62    -3.57    -2.00     0.27    -5.64    -2.95     0.99     0.79     0.79     0.79     0.85     0.80     0.82     0.84     0.82     1.16     0.76
  86.467    -0.78    -0.74     6.92     1.70     6.20    -1.80    -5.51    -2.99    -1.75     0.28    -5.06    -2.78     0.98     0.79     0.79     0.79     0.85     0.79     0.81     0.83     0.82     1.15     0.76
  86.608    -0.58    -0.53     6.68     1.58     6.45    -1.71    -5.30    -2.42    -1.59     0.17    -4.47    -2.65     0.98     0.79     0.79     0.79     0.85     0.79     0.81     0.82     0.82     1.13     0.76
  86.749    -0.40    -0.33     6.45     1.49     6.71    -1.58    -5.00    -1.86    -1.51    -0.03    -3.85    -2.55     0.98     0.79     0.79     0.79     0.85     0.79     0.80     0.82     0.81     1.12     0.76
  86.889    -0.22    -0.12     6.23     1.42     6.98    -1.39    -4.61    -1.32    -1.50    -0.32    -3.22    -2.47     0.98     0.79     0.78     0.79     0.85     0.79     0.80     0.81     0.81     1.11     0.76
  87.030    -0.06     0.08     6.02     1.37     7.26    -1.18    -4.15    -0.81    -1.55    -0.69    -2.59    -2.41     0.97     0.79     0.78     0.79     0.85     0.79     0.80     0.81     0.81     1.10     0.76
  87.171     0.07     0.28     5.83     1.36     7.54    -0.93    -3.64    -0.33    -1.67    -1.13    -1.97    -2.35     0.97     0.79     0.78     0.79     0.84     0.78     0.79     0.80     0.81     1.10     0.76
  87.312     0.19     0.46     5.67     1.38     7.84    -0.66    -3.10     0.10    -1.85    -1.64    -1.38    -2.29     0.97     0.79     0.78     0.79     0.84     0.78     0.79     0.80     0.81     1.09     0.76
  87.453     0.27     0.64     5.54     1.44     8.15    -0.36    -2.53     0.49    -2.10    -2.21    -0.82    -2.22     0.97     0.79     0.78     0.79     0.84     0.78     0.79     0.80     0.81     1.08     0.76
  87.594     0.32     0.80     5.47     1.55     8.46    -0.03    -1.95     0.82    -2.41    -2.85    -0.30    -2.15     0.97     0.79     0.78     0.79     0.84     0.78     0.78     0.80     0.81     1.08     0.75
  87.735     0.34     0.94     5.46     1.71     8.78     0.30    -1.36     1.10    -2.78    -3.54     0.16    -2.06     0.96     0.79     0.78     0.79     0.83     0.78     0.78     0.79     0.81     1.08     0.75
  87.875     0.33     1.07     5.51     1.93     9.10     0.64    -0.77     1.32    -3.21    -4.28     0.57    -1.96     0.96     0.79     0.78     0.79     0.83     0.78     0.78     0.79     0.80     1.08     0.75
  88.016     0.30     1.18     5.63     2.19     9.41     0.96    -0.18     1.48    -3.68    -5.06     0.91    -1.84     0.96     0.79     0.78     0.79     0.83     0.78     0.78     0.79     0.80     1.07     0.75
  88.157     0.24     1.27     5.81     2.51     9.72     1.28     0.39     1.56    -4.19    -5.86     1.17    -1.70     0.96     0.79     0.78     0.79     0.82     0.78     0.78     0.79     0.80     1.07     0.75
  88.298     0.15     1.33     6.05     2.88    10.00     1.59     0.94     1.56    -4.74    -6.69     1.37    -1.55     0.96     0.79     0.78     0.78     0.82     0.78     0.78     0.79     0.80     1.07     0.75
  88.439     0.04     1.36     6.33     3.28    10.26     1.87     1.45     1.47    -5.31    -7.53     1.49    -1.40     0.95     0.79     0.78     0.78     0.82     0.78     0.78     0.79     0.80     1.08     0.75
  88.580    -0.10     1.36     6.63     3.72    10.49     2.14     1.93     1.29    -5.92    -8.37     1.53    -1.26     0.95     0.79     0.78     0.78     0.81     0.77     0.77     0.79     0.80     1.08     0.75
  88.721    -0.25     1.33     6.95     4.17    10.67     2.39     2.39     1.01    -6.54    -9.20     1.49    -1.15     0.95     0.79     0.78     0.78     0.81     0.77     0.77     0.79     0.80     1.08     0.75
  88.861    -0.42     1.27     7.29     4.62    10.81     2.61     2.82     0.64    -7.18   -10.00     1.38    -1.07     0.95     0.79     0.78     0.78     0.81     0.77     0.77     0.79     0.80     1.08     0.75
  89.002    -0.61     1.18     7.63     5.05    10.90     2.82     3.21     0.20    -7.82   -10.76     1.21    -1.04     0.95     0.79     0.78     0.78     0.81     0.77     0.77     0.79     0.80     1.08     0.75
  89.143    -0.80     1.05     7.97     5.44    10.94     3.00     3.56    -0.32    -8.47   -11.47     0.96    -1.05     0.95     0.79     0.78     0.78     0.80     0.77     0.77     0.79     0.80     1.09     0.75
  89.284    -1.00     0.89     8.28     5.79    10.92     3.15     3.86    -0.91    -9.11   -12.12     0.66    -1.11     0.94     0.79     0.78     0.78     0.80     0.77     0.77     0.79     0.80     1.09     0.75
  89.425    -1.21     0.69     8.55     6.07    10.84     3.28     4.10    -1.54    -9.74   -12.71     0.32    -1.20     0.94     0.78     0.78     0.78     0.80     0.77     0.77     0.79     0.80     1.09     0.75
  89.566    -1.43     0.47     8.73     6.28    10.70     3.39     4.26    -2.22   -10.36   -13.24    -0.07    -1.32     0.94     0.78     0.78     0.78     0.80     0.77     0.77     0.79     0.80     1.09     0.75
  89.707    -1.64     0.21     8.79     6.40    10.52     3.48     4.35    -2.93   -10.97   -13.70    -0.48    -1.48     0.94     0.78     0.78     0.78     0.80     0.77     0.77     0.79     0.80     1.10     0.75
  89.847    -1.86    -0.07     8.71     6.43    10.32     3.56     4.35    -3.65   -11.56   -14.09    -0.90    -1.65     0.94     0.78     0.78     0.77     0.79     0.77     0.77     0.79     0.80     1.10     0.75
  89.988    -2.07    -0.36     8.47     6.39    10.10     3.62     4.26    -4.37   -12.12   -14.42    -1.33    -1.83     0.93     0.78     0.78     0.77     0.79     0.77     0.77     0.79     0.80     1.10     0.75
  90.129    -2.28    -0.67     8.08     6.28     9.88     3.67     4.07    -5.08   -12.67   -14.69    -1.77    -2.02     0.93     0.78     0.78     0.77     0.79     0.77     0.77     0.80     0.80     1.10     0.75
  90.270    -2.49    -0.99     7.53     6.12     9.65     3.71     3.78    -5.76   -13.18   -14.89    -2.20    -2.20     0.93     0.78     0.78     0.77     0.79     0.77     0.77     0.80     0.80     1.10     0.75
  90.411    -2.68    -1.30     6.85     5.95     9.43     3.74     3.40    -6.40   -13.67   -15.04    -2.62    -2.36     0.92     0.78     0.78     0.77     0.79     0.77     0.77     0.80     0.80     1.10     0.75
  90.552    -2.87    -1.61     6.07     5.77     9.22     3.76     2.93    -7.00   -14.15   -15.14    -3.03    -2.47     0.92     0.78     0.77     0.77     0.79     0.77     0.78     0.80     0.80     1.10     0.75
  90.693    -3.04    -1.90     5.20     5.63     9.03     3.78     2.36    -7.54   -14.60   -15.19    -3.41    -2.53     0.92     0.78     0.77     0.77     0.79     0.77     0.78     0.80     0.80     1.11     0.75
  90.833    -3.20    -2.18     4.30     5.52     8.85     3.78     1.72    -8.03   -15.04   -15.20    -3.75    -2.53     0.91     0.78     0.77     0.77     0.79     0.77     0.78     0.80     0.80     1.11     0.75
  90.974    -3.35    -2.43     3.41     5.49     8.70     3.78     1.00    -8.47   -15.47   -15.19    -4.04    -2.49     0.91     0.78     0.77     0.77     0.79     0.77     0.78     0.80     0.80     1.11     0.75
  91.115    -3.49    -2.66     2.57     5.52     8.58     3.76     0.22    -8.86   -15.89   -15.15    -4.26    -2.39     0.91     0.78     0.77     0.77     0.79     0.77     0.78     0.80     0.80     1.11     0.75
  91.256    -3.61    -2.87     1.81     5.64     8.47     3.73    -0.60    -9.22   -16.29   -15.10    -4.40    -2.24     0.91     0.78     0.77     0.77     0.79     0.77     0.78     0.80     0.80     1.12     0.75
  91.397    -3.72    -3.04     1.17     5.85     8.39     3.67    -1.45    -9.56   -16.68   -15.02    -4.47    -2.02     0.91     0.78     0.77     0.77     0.79     0.77     0.78     0.80     0.80     1.12     0.75
  91.538    -3.81    -3.18     0.66     6.15     8.33     3.58    -2.32    -9.90   -17.03   -14.91    -4.46    -1.77     0.90     0.78     0.77     0.77     0.79     0.77     0.78     0.80     0.80     1.12     0.75
  91.679    -3.89    -3.30     0.31     6.54     8.29     3.46    -3.19   -10.24   -17.35   -14.79    -4.37    -1.47     0.90     0.78     0.77     0.77     0.79     0.77     0.78     0.80     0.80     1.13     0.75
  91.819    -3.97    -3.39     0.12     7.03     8.26     3.31    -4.05   -10.62   -17.64   -14.64    -4.22    -1.14     0.90     0.78     0.77     0.77     0.79     0.77     0.78     0.80     0.80     1.13     0.75
  91.960    -4.04    -3.46     0.12     7.59     8.24     3.12    -4.89   -11.03   -17.88   -14.47    -4.02    -0.77     0.91     0.78     0.77     0.77     0.79     0.77     0.78     0.80     0.80     1.14     0.75
  92.101    -4.11    -3.51     0.31     8.23     8.23     2.89    -5.71   -11.49   -18.08   -14.28    -3.76    -0.37     0.91     0.78     0.77     0.77     0.79     0.77     0.78     0.80     0.80     1.15     0.75
  92.242    -4.18    -3.54     0.68     8.94     8.21     2.62    -6.50   -12.00   -18.23   -14.07    -3.47     0.07     0.91     0.78     0.77     0.77     0.79     0.77     0.78     0.80     0.80     1.15     0.75
  92.383    -4.25    -3.57     1.24     9.70     8.19     2.30    -7.25   -12.56   -18.35   -13.83    -3.15     0.52     0.92     0.78     0.77     0.77     0.79     0.77     0.78     0.80     0.80     1.16     0.75
  92.524    -4.34    -3.58     1.98    10.50     8.15     1.93    -7.96   -13.17   -18.42   -13.56    -2.80     0.99     0.92     0.78     0.77     0.77     0.79     0.77     0.78     0.81     0.80     1.16     0.75
  92.665    -4.43    -3.59     2.90    11.32     8.09     1.51    -8.63   -13.82   -18.45   -13.27    -2.43     1.46     0.93     0.78     0.77     0.77     0.79     0.78     0.78     0.81     0.80     1.17     0.75
  92.805    -4.54    -3.60     3.97    12.15     8.00     1.04    -9.28   -14.51   -18.43   -12.96    -2.03     1.94     0.94     0.79     0.78     0.77     0.79     0.78     0.78     0.81     0.80     1.17     0.75
  92.946    -4.65    -3.61     5.21    12.96     7.88     0.54    -9.90   -15.24   -18.38   -12.64    -1.60     2.42     0.95     0.79     0.78     0.77     0.79     0.78     0.78     0.81     0.80     1.18     0.75
  93.087    -4.78    -3.63     6.59    13.73     7.72    -0.00   -10.48   -16.00   -18.30   -12.30    -1.14     2.89     0.97     0.79     0.78     0.77     0.79     0.78     0.78     0.81     0.80     1.18     0.75
  93.228    -4.93    -3.65     8.08    14.46     7.51    -0.56   -11.03   -16.80   -18.18   -11.95    -0.65     3.34     0.98     0.79     0.78     0.77     0.79     0.78     0.78     0.81     0.81     1.19     0.75
  93.369    -5.08    -3.67     9.67    15.14     7.27    -1.14   -11.54   -17.61   -18.05   -11.60    -0.11     3.79     1.00     0.79     0.78     0.77     0.80     0.78     0.78     0.81     0.81     1.19     0.75
  93.510    -5.23    -3.70    11.35    15.74     6.99    -1.73   -12.02   -18.43   -17.91   -11.24     0.47     4.25     1.03     0.80     0.78     0.77     0.80     0.78     0.78     0.81     0.81     1.19     0.75
  93.650    -5.39    -3.73    13.10    16.29     6.66    -2.32   -12.47   -19.25   -17.75   -10.88     1.09     4.72     1.05     0.80     0.78     0.77     0.80     0.78     0.79     0.81     0.81     1.20     0.75
  93.791    -5.54    -3.77    14.92    16.77     6.28    -2.90   -12.90   -20.06   -17.58   -10.51     1.77     5.19     1.09     0.80     0.78     0.78     0.80     0.78     0.79     0.81     0.81     1.20     0.75
  93.932    -5.68    -3.80    16.76    17.19     5.86    -3.47   -13.31   -20.85   -17.38   -10.14     2.49     5.67     1.12     0.81     0.78     0.78     0.80     0.78     0.79     0.82     0.81     1.21     0.76
  94.073    -5.82    -3.83    18.57    17.54     5.40    -4.03   -13.70   -21.62   -17.16    -9.77     3.26     6.18     1.16     0.81     0.79     0.78     0.80     0.78     0.79     0.82     0.81     1.21     0.76
  94.214    -5.94    -3.85    20.29    17.82     4.91    -4.56   -14.08   -22.34   -16.91    -9.39     4.07     6.76     1.20     0.81     0.79     0.78     0.80     0.78     0.79     0.82     0.81     1.22     0.76
  94.355    -6.03    -3.87    21.83    18.04     4.40    -5.08   -14.46   -23.01   -16.62    -9.01     4.93     7.38     1.24     0.82     0.79     0.78     0.81     0.79     0.79     0.82     0.81     1.23     0.76
  94.496    -6.10    -3.88    23.13    18.20     3.87    -5.58   -14.83   -23.62   -16.29    -8.61     5.83     8.06     1.29     0.82     0.79     0.78     0.81     0.79     0.79     0.82     0.81     1.23     0.76
  94.636    -6.14    -3.88    24.14    18.30     3.32    -6.06   -15.20   -24.16   -15.90    -8.21     6.77     8.77     1.33     0.83     0.79     0.78     0.81     0.79     0.79     0.82     0.82     1.24     0.76
  94.777    -6.14    -3.87    24.86    18.34     2.77    -6.51   -15.56   -24.65   -15.48    -7.80     7.73     9.54     1.37     0.83     0.80     0.78     0.81     0.79     0.79     0.83     0.82     1.25     0.76
  94.918    -6.12    -3.85    25.32    18.34     2.22    -6.93   -15.91   -25.07   -15.01    -7.36     8.70    10.36     1.41     0.84     0.80     0.78     0.82     0.79     0.79     0.83     0.82     1.25     0.76
  95.059    -6.06    -3.82    25.60    18.29     1.67    -7.32   -16.26   -25.43   -14.50    -6.91     9.67    11.22     1.44     0.84     0.80     0.79     0.82     0.79     0.79     0.83     0.82     1.26     0.76
  95.200    -5.96    -3.78    25.75    18.22     1.12    -7.67   -16.59   -25.74   -13.95    -6.43    10.62    12.13     1.48     0.85     0.81     0.79     0.83     0.79     0.79     0.83     0.82     1.27     0.76
  95.341    -5.83    -3.72    25.84    18.13     0.58    -7.98   -16.91   -26.00   -13.37    -5.93    11.56    13.06     1.52     0.85     0.81     0.79     0.83     0.79     0.80     0.84     0.82     1.28     0.76
  95.482    -5.66    -3.64    25.93    18.03     0.05    -8.25   -17.22   -26.22   -12.77    -5.39    12.46    14.04     1.55     0.86     0.82     0.79     0.84     0.80     0.80     0.84     0.82     1.28     0.76
  95.622    -5.46    -3.55    26.04    17.92    -0.47    -8.49   -17.51   -26.42   -12.15    -4.82    13.34    15.06     1.59     0.87     0.82     0.80     0.84     0.80     0.80     0.84     0.83     1.29     0.76
  95.763    -5.22    -3.45    26.18    17.80    -0.98    -8.70   -17.78   -26.58   -11.52    -4.21    14.19    16.10     1.63     0.88     0.83     0.80     0.85     0.80     0.80     0.85     0.83     1.30     0.76
  95.904    -4.95    -3.33    26.36    17.64    -1.49    -8.88   -18.01   -26.71   -10.87    -3.54    15.03    17.15     1.68     0.89     0.84     0.80     0.85     0.80     0.80     0.85     0.83     1.31     0.76
  96.045    -4.65    -3.21    26.57    17.44    -1.99    -9.02   -18.19   -26.81   -10.22    -2.82    15.86    18.18     1.74     0.90     0.84     0.81     0.86     0.80     0.80     0.85     0.83     1.31     0.76
  96.186    -4.31    -3.07    26.80    17.19    -2.51    -9.14   -18.31   -26.89    -9.56    -2.04    16.67    19.16     1.80     0.92     0.85     0.81     0.87     0.80     0.81     0.85     0.83     1.32     0.76
  96.327    -3.94    -2.93    27.09    16.90    -3.03    -9.22   -18.38   -26.94    -8.91    -1.21    17.47    20.06     1.87     0.93     0.86     0.82     0.88     0.80     0.81     0.86     0.83     1.33     0.76
  96.468    -3.54    -2.78    27.44    16.57    -3.55    -9.28   -18.37   -26.97    -8.26    -0.31    18.26    20.87     1.96     0.95     0.87     0.82     0.89     0.80     0.81     0.86     0.83     1.34     0.76
  96.608    -3.12    -2.61    27.80    16.22    -4.05    -9.32   -18.29   -26.97    -7.63     0.63    19.02    21.60     2.05     0.97     0.88     0.83     0.90     0.81     0.82     0.86     0.84     1.35     0.76
  96.749    -2.67    -2.44    28.14    15.86    -4.53    -9.34   -18.13   -26.93    -7.03     1.63    19.75    22.26     2.16     1.00     0.90     0.84     0.92     0.81     0.82     0.87     0.84     1.36     0.76
  96.890    -2.20    -2.26    28.42    15.52    -4.97    -9.35   -17.91   -26.85    -6.46     2.67    20.45    22.85     2.29     1.02     0.91     0.84     0.93     0.81     0.82     0.87     0.84     1.38     0.76
  97.031    -1.72    -2.06    28.62    15.19    -5.36    -9.35   -17.69   -26.71    -5.93     3.74    21.10    23.37     2.44     1.06     0.93     0.85     0.95     0.81     0.83     0.87     0.84     1.40     0.76
  97.172    -1.24    -1.87    28.69    14.90    -5.69    -9.36   -17.46   -26.53    -5.43     4.84    21.71    23.82     2.60     1.09     0.94     0.86     0.97     0.82     0.83     0.87     0.85     1.41     0.76
  97.313    -0.76    -1.67    28.62    14.61    -5.94    -9.39   -17.24   -26.28    -4.98     5.93    22.26    24.19     2.80     1.13     0.96     0.88     0.98     0.82     0.83     0.88     0.85     1.44     0.77
  97.454    -0.29    -1.47    28.39    14.33    -6.11    -9.45   -17.07   -25.96    -4.55     7.00    22.74    24.47     3.02     1.18     0.98     0.89     1.00     0.82     0.84     0.88     0.85     1.46     0.77
  97.594     0.16    -1.29    27.97    14.06    -6.19    -9.58   -16.94   -25.56    -4.15     8.04    23.16    24.64     3.26     1.23     1.00     0.90     1.02     0.82     0.84     0.88     0.86     1.49     0.77
  97.735     0.58    -1.12    27.31    13.82    -6.19    -9.80   -16.87   -25.09    -3.79     9.03    23.51    24.70     3.54     1.29     1.03     0.91     1.05     0.83     0.85     0.89     0.86     1.52     0.77
  97.876     0.97    -0.98    26.45    13.59    -6.11   -10.11   -16.88   -24.54    -3.45     9.98    23.79    24.61     3.85     1.35     1.05     0.93     1.07     0.83     0.85     0.89     0.87     1.56     0.77
  98.017     1.31    -0.85    25.46    13.37    -5.96   -10.50   -16.97   -23.94    -3.13    10.90    23.98    24.35     4.18     1.42     1.08     0.95     1.10     0.84     0.86     0.89     0.88     1.60     0.77
  98.158     1.61    -0.74    24.49    13.15    -5.78   -10.97   -17.16   -23.28    -2.83    11.78    24.10    23.91     4.54     1.50     1.11     0.96     1.12     0.84     0.86     0.90     0.88     1.65     0.77
  98.299     1.86    -0.66    23.66    12.93    -5.58   -11.49   -17.44   -22.56    -2.55    12.62    24.14    23.27     4.92     1.58     1.14     0.98     1.15     0.85     0.87     0.90     0.89     1.71     0.77
  98.440     2.06    -0.61    23.11    12.70    -5.40   -12.07   -17.80   -21.81    -2.28    13.41    24.08    22.46     5.31     1.67     1.17     1.00     1.18     0.85     0.88     0.91     0.91     1.77     0.78
  98.580     2.20    -0.58    22.92    12.43    -5.25   -12.70   -18.21   -21.02    -2.02    14.15    23.94    21.50     5.71     1.76     1.20     1.02     1.21     0.86     0.89     0.91     0.92     1.85     0.78
  98.721     2.29    -0.59    23.04    12.09    -5.18   -13.36   -18.63   -20.22    -1.75    14.84    23.69    20.38     6.11     1.86     1.24     1.04     1.24     0.87     0.89     0.92     0.93     1.93     0.78
  98.862     2.33    -0.63    23.39    11.68    -5.20   -14.05   -19.06   -19.39    -1.48    15.48    23.34    19.13     6.51     1.96     1.27     1.06     1.27     0.88     0.90     0.93     0.95     2.03     0.78
  99.003     2.32    -0.72    23.72    11.23    -5.33   -14.77   -19.49   -18.56    -1.21    16.07    22.89    17.75     6.90     2.06     1.31     1.08     1.31     0.89     0.91     0.94     0.97     2.14     0.78
  99.144     2.26    -0.86    23.86    10.72    -5.60   -15.50   -19.90   -17.73    -0.93    16.63    22.31    16.29     7.27     2.16     1.34     1.11     1.34     0.90     0.92     0.95     1.00     2.27     0.79
  99.285     2.15    -1.05    23.83    10.14    -6.04   -16.24   -20.29   -16.89    -0.63    17.14    21.60    14.75     7.63     2.27     1.38     1.13     1.38     0.91     0.93     0.96     1.03     2.41     0.79
  99.426     2.00    -1.30    23.56     9.47    -6.67   -16.98   -20.63   -16.04    -0.31    17.60    20.77    13.11     7.97     2.37     1.41     1.16     1.42     0.92     0.95     0.97     1.06     2.57     0.79
  99.566     1.80    -1.60    23.04     8.71    -7.47   -17.72   -20.94   -15.20     0.03    18.01    19.78    11.40     8.31     2.48     1.44     1.19     1.45     0.94     0.96     0.98     1.10     2.75     0.80
  99.707     1.56    -1.96    22.37     7.88    -8.41   -18.47   -21.20   -14.37     0.41    18.36    18.64     9.64     8.63     2.59     1.47     1.22     1.49     0.95     0.98     1.00     1.15     2.96     0.80
  99.848     1.28    -2.36    21.60     7.03    -9.47   -19.21   -21.46   -13.56     0.81    18.65    17.34     7.85     8.96     2.71     1.51     1.26     1.53     0.97     0.99     1.01     1.21     3.19     0.80
  99.989     0.96    -2.79    20.85     6.20   -10.63   -19.96   -21.71   -12.77     1.21    18.88    15.88     6.03     9.29     2.82     1.54     1.30     1.56     0.99     1.01     1.03     1.27     3.45     0.81
 100.130     0.59    -3.25    20.21     5.46   -11.84   -20.73   -21.93   -12.02     1.61    19.04    14.28     4.23     9.62     2.94     1.57     1.34     1.60     1.01     1.04     1.06     1.34     3.74     0.82
 100.271     0.20    -3.73    19.71     4.82   -13.09   -21.53   -22.13   -11.30     1.99    19.12    12.53     2.49     9.96     3.07     1.61     1.39     1.63     1.04     1.06     1.08     1.41     4.06     0.82
 100.412    -0.24    -4.24    19.32     4.22   -14.35   -22.36   -22.32   -10.61     2.32    19.13    10.68     0.80    10.31     3.20     1.65     1.44     1.67     1.07     1.09     1.11     1.50     4.41     0.83
 100.552    -0.72    -4.78    19.00     3.59   -15.62   -23.25   -22.51    -9.99     2.60    19.08     8.80    -0.88    10.69     3.33     1.69     1.50     1.71     1.10     1.12     1.14     1.59     4.80     0.84
 100.693    -1.23    -5.35    18.76     2.87   -16.88   -24.19   -22.71    -9.45     2.83    18.96     6.96    -2.52    11.07     3.47     1.74     1.56     1.75     1.14     1.15     1.17     1.69     5.20     0.84
 100.834    -1.77    -5.96    18.60     2.02   -18.16   -25.16   -22.91    -9.01     3.02    18.77     5.20    -4.04    11.50     3.62     1.79     1.63     1.78     1.18     1.18     1.21     1.80     5.64     0.85
 100.975    -2.35    -6.59    18.51     1.05   -19.42   -26.16   -23.10    -8.72     3.13    18.52     3.58    -5.29    11.95     3.78     1.86     1.69     1.82     1.22     1.22     1.25     1.91     6.10     0.86
 101.116    -2.97    -7.26    18.55     0.01   -20.65   -27.22   -23.29    -8.60     3.15    18.21     2.13    -6.31    12.44     3.94     1.93     1.77     1.87     1.27     1.27     1.30     2.03     6.60     0.87
 101.257    -3.62    -7.94    18.53    -1.11   -21.86   -28.33   -23.47    -8.63     3.09    17.83     0.90    -7.26    12.94     4.11     2.01     1.84     1.91     1.32     1.32     1.35     2.14     7.13     0.89
 101.398    -4.32    -8.66    18.28    -2.38   -23.06   -29.48   -23.61    -8.81     2.95    17.38    -0.08    -8.24    13.51     4.29     2.11     1.91     1.96     1.38     1.37     1.41     2.26     7.68     0.90
 101.538    -5.05    -9.42    17.90    -3.82   -24.27   -30.65   -23.72    -9.15     2.71    16.87    -0.85    -9.27    14.15     4.48     2.22     1.99     2.01     1.44     1.43     1.48     2.38     8.26     0.91
 101.679    -5.83   -10.22    17.40    -5.39   -25.51   -31.76   -23.80    -9.63     2.39    16.30    -1.48   -10.32    14.83     4.68     2.35     2.06     2.06     1.50     1.49     1.55     2.50     8.87     0.93
 101.820    -6.63   -11.04    16.50    -7.08   -26.82   -32.75   -23.85   -10.21     2.01    15.69    -2.04   -11.29    15.56     4.89     2.49     2.13     2.12     1.57     1.56     1.63     2.62     9.50     0.95
 101.961    -7.45   -11.90    15.09    -8.86   -28.22   -33.66   -23.84   -10.88     1.57    15.03    -2.59   -11.97    16.39     5.10     2.66     2.20     2.19     1.65     1.63     1.72     2.73    10.17     0.97
 102.102    -8.30   -12.79    12.99   -10.62   -29.72   -34.52   -23.75   -11.60     1.07    14.30    -3.19   -12.23    17.26     5.31     2.84     2.27     2.26     1.72     1.71     1.82     2.85    10.85     0.99
 102.243    -9.15   -13.69    10.15   -12.31   -31.30   -35.31   -23.57   -12.37     0.52    13.50    -3.83   -11.96    18.18     5.54     3.04     2.34     2.34     1.81     1.79     1.93     2.96    11.57     1.01
 102.384    -9.99   -14.60     6.76   -13.95   -32.97   -36.06   -23.31   -13.15    -0.06    12.64    -4.50   -11.13    19.13     5.77     3.25     2.41     2.42     1.89     1.88     2.05     3.07    12.31     1.03
 102.524   -10.83   -15.52     2.98   -15.49   -34.67   -36.81   -23.05   -13.92    -0.66    11.70    -5.21    -9.79    20.05     6.01     3.48     2.48     2.51     1.98     1.97     2.18     3.19    13.09     1.06
 102.665   -11.65   -16.41    -0.83   -16.88   -36.32   -37.56   -22.81   -14.67    -1.28    10.69    -5.96    -7.87    20.90     6.25     3.72     2.55     2.61     2.07     2.06     2.32     3.30    13.92     1.08
 102.806   -12.42   -17.22    -4.14   -18.06   -37.81   -38.29   -22.66   -15.35    -1.89     9.64    -6.72    -5.29    21.73     6.50     3.98     2.63     2.71     2.15     2.16     2.46     3.42    14.81     1.11
 102.947   -13.13   -17.93    -6.48   -18.95   -39.09   -39.00   -22.62   -15.95    -2.48     8.54    -7.49    -2.36    22.53     6.76     4.24     2.71     2.82     2.23     2.25     2.61     3.55    15.74     1.13
 103.088   -13.80   -18.55    -7.79   -19.65   -40.00   -39.72   -22.73   -16.47    -3.02     7.42    -8.28     0.51    23.31     7.03     4.50     2.80     2.94     2.32     2.34     2.77     3.68    16.74     1.16
 103.229   -14.39   -19.07    -8.25   -20.33   -40.46   -40.42   -23.00   -16.93    -3.47     6.33    -9.05     3.26    24.04     7.32     4.76     2.89     3.07     2.40     2.42     2.93     3.83    17.80     1.19
 103.370   -14.91   -19.49    -7.70   -21.02   -40.45   -41.11   -23.41   -17.30    -3.85     5.28    -9.77     5.98    24.82     7.62     5.01     2.98     3.21     2.48     2.50     3.09     3.98    18.94     1.22
 103.510   -15.36   -19.81    -6.18   -21.76   -39.94   -41.76   -23.98   -17.56    -4.20     4.29   -10.45     8.45    25.58     7.92     5.26     3.09     3.36     2.56     2.57     3.25     4.14    20.16     1.25
 103.651   -15.73   -20.05    -4.22   -22.66   -38.97   -42.33   -24.64   -17.71    -4.52     3.38   -11.06    10.46    26.38     8.24     5.50     3.21     3.52     2.64     2.64     3.41     4.32    21.47     1.28
 103.792   -16.02   -20.23    -2.55   -23.74   -37.63   -42.80   -25.30   -17.79    -4.82     2.52   -11.55    11.99    27.14     8.57     5.73     3.33     3.69     2.71     2.70     3.57     4.52    22.88     1.31
 103.933   -16.23   -20.38    -1.54   -25.04   -36.11   -43.09   -25.92   -17.81    -5.10     1.68   -11.87    13.13    27.90     8.91     5.96     3.47     3.87     2.79     2.75     3.72     4.73    24.42     1.34
 104.074   -16.37   -20.50    -1.35   -26.60   -34.54   -43.12   -26.47   -17.81    -5.39     0.88   -11.93    14.03    28.76     9.26     6.18     3.61     4.08     2.88     2.80     3.87     4.96    26.15     1.38
 104.215   -16.44   -20.61    -2.31   -28.46   -32.96   -42.89   -26.95   -17.86    -5.71     0.17   -11.73    14.89    29.72     9.63     6.39     3.77     4.29     2.97     2.85     4.01     5.21    28.07     1.41
 104.356   -16.45   -20.72    -4.56   -30.59   -31.45   -42.41   -27.38   -17.95    -6.03    -0.43   -11.32    16.31    30.73    10.01     6.61     3.94     4.53     3.07     2.90     4.16     5.47    30.13     1.45
 104.496   -16.41   -20.82    -8.12   -32.90   -30.09   -41.76   -27.72   -18.09    -6.36    -0.90   -10.66    18.91    31.88    10.41     6.84     4.13     4.79     3.17     2.95     4.30     5.77    32.37     1.48
 104.637   -16.30   -20.91   -12.84   -35.51   -28.93   -40.95   -27.98   -18.29    -6.72    -1.26    -9.68    22.95    33.04    10.83     7.07     4.32     5.06     3.28     3.00     4.46     6.10    34.69     1.53
 104.778   -16.16   -21.00   -18.67   -38.47   -27.99   -40.07   -28.10   -18.48    -7.12    -1.57    -8.32    28.15    34.19    11.28     7.33     4.53     5.36     3.41     3.05     4.62     6.46    36.98     1.57
 104.919   -15.99   -21.15   -25.75   -41.84   -27.39   -39.20   -28.00   -18.61    -7.53    -1.87    -6.62    33.87    35.24    11.73     7.60     4.76     5.68     3.54     3.12     4.79     6.85    39.12     1.62
 105.060   -15.85   -21.41   -33.80   -45.75   -27.28   -38.36   -27.69   -18.72    -7.94    -2.16    -4.62    39.72    36.19    12.20     7.89     4.98     6.02     3.69     3.19     4.99     7.29    40.86     1.67
 105.201   -15.75   -21.78   -41.84   -50.24   -27.64   -37.55   -27.24   -18.86    -8.33    -2.41    -2.46    45.62    37.09    12.69     8.21     5.21     6.39     3.85     3.27     5.20     7.74    42.10     1.72
 105.342   -15.71   -22.25   -49.09   -55.26   -28.47   -36.80   -26.71   -19.04    -8.68    -2.59    -0.28    51.63    37.98    13.15     8.55     5.46     6.79     4.03     3.36     5.43     8.25    43.00     1.78
 105.482   -15.76   -22.85   -55.64   -60.71   -29.74   -36.23   -26.17   -19.26    -8.99    -2.75     1.77    58.02    38.89    13.64     8.90     5.71     7.20     4.21     3.47     5.69     8.79    43.52     1.85
 105.623   -15.91   -23.62   -61.58   -66.62   -31.41   -35.97   -25.67   -19.55    -9.28    -2.94     3.64    65.37    39.80    14.10     9.26     5.98     7.63     4.42     3.59     5.98     9.38    43.46     1.92
 105.764   -16.16   -24.52   -66.62   -72.95   -33.45   -36.02   -25.29   -19.90    -9.52    -3.14     5.26    74.08    40.58    14.54     9.63     6.24     8.07     4.64     3.73     6.30    10.00    42.90     2.00
 105.905   -16.49   -25.54   -70.69   -79.53   -35.76   -36.29   -25.21   -20.29    -9.64    -3.28     6.51    83.60    41.34    14.95    10.00     6.52     8.51     4.88     3.89     6.68    10.65    41.84     2.09
 106.046   -16.90   -26.63   -73.63   -86.24   -37.95   -36.76   -25.65   -20.71    -9.56    -3.32     7.18    93.74    42.17    15.35    10.38     6.80     8.98     5.13     4.07     7.08    11.32    40.28     2.18
 106.187   -17.39   -30.59   -75.43   -92.82   -39.73   -37.46   -26.65   -21.20    -9.29    -3.31     7.05   100.00    43.23    15.73    10.75     7.09     9.49     5.41     4.28     7.54    12.02   999.80     2.27
 106.328   -17.95   -32.01   -76.75   -99.02   -41.05   -38.29   -28.15   -21.72    -8.89    -3.20     5.92   100.00    44.53    16.12    11.11     7.40    10.01     5.70     4.51     8.04    12.73   999.80     2.37
 106.468   -18.59   -22.68   -78.43   100.00   -41.94   -39.06   -30.22   -22.23    -8.38    -2.85     3.64   100.00    46.01   999.80    11.48     7.72    10.57     6.01     4.76     8.59    13.43   999.80     2.48
 106.609   -19.34   -23.56   -81.29   100.00   -42.49   -39.61   -32.99   -22.63    -7.73    -2.16     0.24   100.00    47.63   999.80    11.86     8.07    11.17     6.33     5.05     9.17    14.16   999.80     2.60
 106.750   -20.13   -24.51   -86.30   100.00   -42.82   -39.78   -36.38   -22.90    -6.96    -1.16    -4.06   100.00    49.32   999.80    12.23     8.45    11.78     6.68     5.37     9.81    14.88   999.80     2.73
 106.891   -20.81   -25.46   -94.00   100.00   -42.89   -39.40   -40.26   -23.06    -6.06     0.08    -8.90   100.00    50.99   999.80    12.61     8.86    12.46     7.06     5.72    10.47    15.65   999.80     2.87
 107.032   -21.28   -24.32  -100.00   100.00   -42.61   -38.37   -44.68   -22.99    -5.05     1.56   -13.79   100.00   999.80   999.80    13.02     9.31    13.16     7.46     6.12    11.16    16.39   999.80     3.01
 107.173   -21.65   -24.68   100.00   100.00   -42.04   -36.71   -49.44   -22.63    -3.96     3.30   -18.42   100.00   999.80   999.80    13.42     9.82    13.88     7.89     6.54    11.88    17.17   999.80     3.17
 107.314   -21.84   -24.70   100.00   100.00   -41.11   -34.39   -54.14   -22.04    -2.82     5.36   -22.45   100.00   999.80   999.80    13.82    10.37    14.65     8.34     7.01    12.62    17.95   999.80     3.33
 107.454   -21.73   -24.34   100.00   100.00   -39.94   -31.44   -58.53   -21.31    -1.58     7.73   -25.53   100.00   999.80   999.80    14.25    10.98    15.44     8.81     7.52    13.38    18.78   999.80     3.51
 107.595   -21.26   -23.59   100.00   100.00   -38.65   -27.94   -62.36   -20.44    -0.13    10.38   -27.61   100.00   999.80   999.80    14.69    11.65    16.31     9.31     8.06    14.18    19.67   999.80     3.70
 107.736   -20.29   -22.30   100.00  -100.00   -37.03   -23.91   -65.15   -19.31     1.68    13.50   -28.63   100.00   999.80   999.80    15.16    12.39    17.29     9.84     8.65    15.01    20.66   999.80     3.90
 107.877   -18.70   -31.02   100.00   -99.86   -34.95   -19.64   -66.42   -17.84     3.96    17.32   -28.46   100.00   999.80    27.25    15.68    13.17    18.45    10.39     9.28    15.91    21.76   999.80     4.11
 108.018   -16.48   -25.33   100.00   -93.72   -32.54   -15.30   -65.81   -16.01     6.75    21.83   -27.00    94.58   999.80    28.32    16.24    13.98    19.89    10.99     9.95    16.89    23.00    98.61     4.34
 108.159   -13.67   -22.06   100.00   -87.95   -30.38   -10.91   -62.61   -13.87    10.04    26.81   -24.23    86.26   999.80    29.27    16.81    14.83    21.67    11.62    10.66    18.00    24.43   104.28     4.58
 108.300   -10.38   -18.38   100.00   -82.71   -28.83    -6.62   -56.21   -11.50    13.83    32.01   -20.13    78.99   999.80    30.14    17.44    15.72    23.88    12.28    11.41    19.24    25.98   108.26     4.85
 108.440    -6.85   -14.50   100.00   -78.62   -28.16    -2.60   -46.30    -8.99    18.06    37.46   -15.10    71.97   999.80    30.88    18.05    16.63    26.57    12.95    12.21    20.71    27.76   112.08     5.11
 108.581    -3.30   -10.59   100.00   -76.18   -28.64     0.86   -32.39    -6.56    22.64    43.58    -9.81    65.78   999.80    31.43    18.69    17.56    29.79    13.69    13.05    22.41    29.67   116.52     5.39
 108.722     0.13    -6.71   100.00   -75.37   -30.18     3.56   -14.80    -4.45    27.46    50.77    -4.52    61.49   999.80    31.85    19.27    18.43    33.41    14.42    13.93    24.48    31.71   122.20     5.69
 108.863     3.33    -3.65   100.00   -75.69   -32.69     5.52     5.16    -2.73    32.42    59.00     0.61    61.38   999.80    32.14    19.89    19.33    37.41    15.20    14.82    26.99    33.90   131.45     5.98
 109.004     6.26    -3.18   100.00   -76.93   -35.97     6.89    25.95    -1.03    37.33    68.12     5.43   100.00   999.80    32.36    20.49    20.24    41.20    16.01    15.76    30.08    36.16   999.80     6.28
 109.145     8.61     2.71   100.00   -78.93   -39.73     7.44    45.89     0.86    41.92    77.97    10.00   100.00   999.80    32.63    21.09    21.18    44.56    16.88    16.72    33.90    38.51   999.80     6.60
 109.286    10.27     5.46   100.00   -81.26   -43.46     6.69    62.99     2.71    45.82    88.03    14.37   100.00   999.80    32.98    21.67    22.14    46.82    17.79    17.70    38.48    40.87   999.80     6.92
 109.426    11.28     7.38   100.00   -83.87   -46.81     4.51    75.83     4.33    48.93    97.52    18.15   100.00   999.80    33.36    22.30    23.11    48.03    18.73    18.75    43.77    43.22   999.80     7.24
 109.567    11.59    -0.70   100.00   -86.68   -49.81     0.89    84.55     5.64    51.37   100.00    20.91   100.00   999.80    33.78    22.91    24.07    48.45    19.70    19.89   999.80    45.56   999.80     7.57
 109.708    11.08    -1.19   100.00   -89.72   -52.42    -4.09    90.15     6.54    53.01   100.00    22.47   100.00   999.80    34.16    23.60    25.01    48.68    20.63    21.07   999.80    47.92   999.80     7.89
 109.849     9.61    -2.51   100.00   -93.21   -54.70   -10.23    93.65     6.85    53.48   100.00    22.85   100.00   999.80    34.49    24.32    26.01    48.99    21.56    22.37   999.80    50.35   999.80     8.22
 109.990     7.24    -4.55   100.00   -97.58   -57.02   -17.11    96.00     6.66    52.75   100.00    22.52   100.00   999.80    34.65    25.06    27.04    49.65    22.48    23.85   999.80    53.16   999.80     8.55
 110.131     3.51     9.60   100.00  -100.00   -59.69   -24.05    97.55     6.41    51.24   100.00    22.01    15.03   999.80   999.80    25.81    28.22    50.82    23.41    25.48   999.80    56.50   347.03     8.89
 110.272    -1.54     5.97   100.00   100.00   -62.67   -30.72    98.32     6.27    49.36   100.00    21.86   -44.09   999.80   999.80    26.56    29.44    52.65    24.35    27.22   999.80    60.46   295.88     9.21
 110.412    -7.05    11.13   100.00   100.00   -65.87   -37.27    98.67     6.43    47.19    62.42    23.54   100.00   999.80   999.80    27.40    30.82    55.14    25.32    29.01    61.37    65.30   999.80     9.55
 110.553   -12.71     8.38   100.00   100.00   -69.04   -43.69    99.17     7.13    44.60    46.00    28.64   100.00   999.80   999.80    28.39    32.23    58.29    26.34    30.93    59.90    71.62   999.80     9.91
 110.694   -18.42     6.37   100.00   100.00   -72.08   -49.86    99.68     8.53    41.59    31.09    37.26   100.00   999.80   999.80    29.57    33.79    61.98    27.45    32.99    58.48    80.14   999.80    10.26
 110.835   -23.88     5.38   100.00   100.00   -75.09   -55.10    99.87    10.63    38.57    18.78    49.57   100.00   999.80   999.80    30.98    35.43    66.01    28.68    35.26    57.68    91.79   999.80    10.64
 110.976   -28.77    -4.79   100.00   100.00   -78.15   -58.28   100.00    12.96    35.87     9.55    67.06   100.00   999.80   999.80    32.66    37.26   999.80    30.03    37.78    57.54   108.57   999.80    11.05
 111.117   -32.86   -19.82   100.00   100.00   -81.28   -59.09   100.00    15.27    33.53     3.55    91.93   100.00   999.80   999.80    34.60    39.37   999.80    31.56    40.55    57.96   133.64   999.80    11.51
 111.258   -35.90   -20.43   100.00   100.00   -84.70   -57.75   100.00    17.74    32.32     0.53   100.00   100.00   999.80   999.80    36.75    41.81   999.80    33.33    43.66    58.57   999.80   999.80    12.02
 111.398   -37.60    -5.73   100.00   100.00   -88.76   -53.84    99.00    20.12    33.30     0.69   100.00   100.00   999.80   999.80    39.15    44.47    78.33    35.39    47.12    59.61   999.80   999.80    12.59
 111.539   -37.85    -4.52   100.00   100.00   -93.64   -47.59    95.47    21.80    36.81     4.20   100.00   100.00   999.80   999.80    41.81    47.39    79.12    37.62    51.07    60.95   999.80   999.80    13.23
 111.680   -37.09    -2.98   100.00   100.00   -99.52   -40.00    89.40    22.39    42.94    10.11   100.00   100.00   999.80   999.80    44.59    50.39    79.21    40.04    55.59    62.47   999.80   999.80    13.91
 111.821   -35.67    24.50   100.00   100.00   100.00   -31.64    80.58    21.88    52.26    17.30   100.00   100.00   999.80   999.80   999.80    53.36    78.99    42.69    61.22    64.24   999.80   999.80    14.66
 111.962   -33.78    28.54   100.00   100.00   100.00   -24.04    69.71    20.25    64.93    25.49   100.00   100.00   999.80   999.80   999.80    56.26    78.32    45.62    68.32    66.10   999.80   999.80    15.46
 112.103   -31.37    32.55   100.00   100.00   100.00   -18.93    58.22    17.19    80.82    35.08   100.00   100.00   999.80   999.80   999.80    58.98    77.72    48.84    77.20    68.34   999.80   999.80    16.34
 112.244   -27.34    36.35   100.00   100.00   100.00   -18.00    48.30    12.54    99.67    46.13   100.00   100.00   999.80   999.80   999.80    61.42    77.40    52.42    87.73    71.19   999.80   999.80    17.36
 112.384   -22.70    13.50   100.00   100.00   100.00   -22.29    40.64     5.90   100.00    57.25   100.00   100.00   999.80   999.80   999.80    63.29    77.47    56.05   999.80    74.95   999.80   999.80    18.44
 112.525   -17.44     8.81   100.00   100.00   100.00   -31.74    35.33    -2.03   100.00    66.40   100.00   100.00   999.80   999.80   999.80    64.72    78.29    59.76   999.80    79.88   999.80   999.80    19.59
 112.666   -11.66     2.93   100.00   100.00   100.00   -45.76    33.16    -9.91   100.00    73.43   100.00   100.00   999.80   999.80   999.80    65.57    79.94    63.44   999.80    86.51   999.80   999.80    20.84
 112.807    -5.62    -3.73   100.00   100.00   100.00   -64.62    35.47   -17.12   100.00    78.69   100.00   100.00   999.80   999.80   999.80    65.81    83.09    66.87   999.80    95.46   999.80   999.80    22.27
 112.948     0.85   -11.69   100.00   100.00   100.00   -89.45    42.85   -24.20   100.00    81.46   100.00   100.00   999.80   999.80   999.80    65.00    88.23    70.24   999.80   107.10   999.80   999.80    23.81
 113.089     7.34     2.19   100.00   100.00  -100.00   100.00    55.92   -31.75   100.00    81.78   100.00   100.00   999.80   999.80   999.80   999.80    96.76    73.24   999.80   121.17   999.80   999.80    25.59
 113.230    13.77   -32.65   100.00   100.00   -91.28   100.00    75.73   -39.39   100.00   100.00   100.00   100.00   999.80   999.80    79.37   999.80   111.27    75.97   999.80   999.80   999.80   999.80    27.58
 113.370    21.04   -63.70   100.00   100.00   -79.93   100.00   100.00   -46.62   100.00   100.00   100.00   100.00   999.80   999.80    84.78   999.80   999.80    78.10   999.80   999.80   999.80   999.80    30.01
 113.511   100.00   -65.06   100.00  -100.00   -70.80   100.00   100.00   -53.61   100.00   100.00   100.00   -99.21   999.80   999.80    90.10   999.80   999.80    79.75   999.80   999.80   999.80   298.92   999.50
 113.652   100.00   -62.10   100.00   -79.77   -64.03   100.00   100.00   -61.31   100.00   100.00   100.00   -54.21   999.80   239.40    95.57   999.80   999.80    80.88   999.80   999.80   999.80   283.34   999.50
 113.793   100.00   -60.55   100.00   100.00   -58.69   100.00   100.00   -69.87   100.00   100.00   100.00   -13.98   999.80   999.80   101.80   999.80   999.80    81.23   999.80   999.80   999.80   270.93   999.50
 113.934   100.00   -60.62   100.00   100.00   -54.18   100.00   100.00   -79.69   100.00   100.00   100.00    17.19   999.80   999.80   109.08   999.80   999.80    80.63   999.80   999.80   999.80   259.50   999.50
 114.075   100.00   -63.07   100.00   100.00   -50.64   100.00   100.00   -92.02   100.00   100.00   100.00    37.38   999.80   999.80   118.18   999.80   999.80    79.47   999.80   999.80   999.80   250.22   999.50
 114.216   100.00   -35.91   100.00   100.00   -48.71   100.00   100.00  -100.00   100.00   100.00   100.00    49.43   999.80   999.80   129.41   999.80   999.80   999.80   999.80   999.80   999.80   245.20   999.50
 114.356   100.00   -36.13   100.00   100.00   -50.12   100.00   100.00   100.00   100.00   100.00   100.00    57.18   999.80   999.80   143.23   999.80   999.80   999.80   999.80   999.80   999.80   249.21   999.50
 114.497   100.00   -43.61   100.00   100.00   -59.54   100.00   100.00   100.00   100.00   100.00   100.00    62.55   999.80   999.80   159.01   999.80   999.80   999.80   999.80   999.80   999.80   261.55   999.50
 114.638   100.00   -81.61   100.00   100.00   -81.61   100.00   100.00   100.00   100.00   100.00   100.00   100.00   999.80   999.80   175.96   999.80   999.80   999.80   999.80   999.80   999.80   999.80   999.50
 114.779   100.00    20.35   100.00    20.35   100.00   100.00   100.00   100.00   100.00   100.00   100.00   100.00   999.80   164.93   999.80   999.80   999.80   999.80   999.80   999.80   999.80   999.80   999.50
 114.920   100.00    23.82   100.00    23.82   100.00   100.00   100.00   100.00   100.00   100.00   100.00   100.00   999.80   151.75   999.80   999.80   999.80   999.80   999.80   999.80   999.80   999.80   999.50
 115.061   100.00    30.28   100.00    30.28   100.00   100.00   100.00   100.00   100.00   100.00   100.00   100.00   999.80   144.94   999.80   999.80   999.80   999.80   999.80   999.80   999.80   999.80   999.50
 115.202   100.00    39.28   100.00    39.28   100.00   100.00   100.00   100.00   100.00   100.00   100.00   100.00   999.80   144.47   999.80   999.80   999.80   999.80   999.80   999.80   999.80   999.80   999.50
 115.342   100.00    51.54   100.00    51.54   100.00   100.00   100.00   100.00   100.00   100.00   100.00   100.00   999.80   150.67   999.80   999.80   999.80   999.80   999.80   999.80   999.80   999.80   999.50
 115.483    96.66   -16.81   100.00    68.78   100.00   -97.97   100.00   100.00   100.00   100.00   100.00   100.00   999.80   166.62   999.80    75.76   999.80   999.80   999.80   999.80   999.80   999.80    47.48
 115.624    90.13     3.55   100.00    92.53   100.00   -80.83   100.00   100.00   100.00   100.00   100.00   100.00   999.80   196.65   999.80    82.44   999.80   999.80   999.80   999.80   999.80   999.80    43.98
 115.765    84.17   -18.99   100.00   100.00   100.00   -64.80   100.00   100.00   100.00    56.93   100.00   100.00   999.80   999.80   999.80    86.45   999.80   999.80   999.80   123.41   999.80   999.80    41.42
 115.906    79.14   -27.65   100.00   100.00   100.00   -50.53   100.00   100.00   100.00    10.26   100.00   100.00   999.80   999.80   999.80    88.18   999.80   999.80   999.80   145.28   999.80   999.80    39.66
 116.047    74.23   -37.99   100.00   100.00   100.00   -38.61   100.00   100.00   100.00   -36.96   100.00   100.00   999.80   999.80   999.80    88.61   999.80   999.80   999.80   163.42   999.80   999.80    38.60
 116.188    68.01   -48.46   100.00   100.00   100.00   -29.21   100.00   100.00   100.00   -80.37   100.00   100.00   999.80   999.80   999.80    89.39   999.80   999.80   999.80   178.64   999.80   999.80    38.39
 116.328    61.72   -22.89   100.00   100.00   100.00   -22.89   100.00   100.00   100.00   100.00   100.00   100.00   999.80   999.80   999.80    91.65   999.80   999.80   999.80   999.80   999.80   999.80    38.86
 116.469    56.12   -20.13   100.00   100.00   100.00   -20.13   100.00   100.00   100.00   100.00   100.00   100.00   999.80   999.80   999.80    96.19   999.80   999.80   999.80   999.80   999.80   999.80    39.95
 116.610    51.13   -21.43   100.00   100.00   100.00   -21.43   100.00   100.00   100.00   100.00   100.00   100.00   999.80   999.80   999.80   103.99   999.80   999.80   999.80   999.80   999.80   999.80    41.52
 116.751    45.08    15.95   100.00   100.00   100.00   -27.93   100.00   100.00   100.00   100.00    66.84   100.00   999.80   999.80   999.80   115.44   999.80   999.80   999.80   999.80   147.49   999.80    43.59
 116.892    35.16    -8.53   100.00   100.00   100.00   -40.72   100.00   100.00   100.00   100.00    28.82   100.00   999.80   999.80   999.80   130.01   999.80   999.80   999.80   999.80   139.29   999.80    45.92
 117.033    23.49    -4.64   100.00   100.00   100.00   100.00   100.00   100.00   100.00   100.00    -4.64   100.00   999.80   999.80   999.80   999.80   999.80   999.80   999.80   999.80   137.68   999.80    48.10
 117.174    10.34    11.61   100.00   100.00   100.00   100.00    75.24   100.00   100.00   100.00   -34.20   100.00   999.80   999.80   999.80   999.80   241.51   999.80   999.80   999.80   146.38   999.80    49.75
 117.314    -3.63   -50.60   100.00   100.00   100.00   100.00     6.38   100.00   100.00   -90.97   -63.36   100.00   999.80   999.80   999.80   999.80   320.47   999.80   999.80   111.21   178.48   999.80    51.16
 117.455   -16.82   -69.68   100.00   100.00   100.00   100.00   100.00   100.00   100.00   -69.68   100.00   100.00   999.80   999.80   999.80   999.80   999.80   999.80   999.80   113.73   999.80   999.80    52.56
 117.596   -22.62   -47.84   100.00   100.00   100.00   100.00   100.00   100.00   100.00   -47.84   100.00   100.00   999.80   999.80   999.80   999.80   999.80   999.80   999.80   115.57   999.80   999.80    54.83
 117.737   100.00     0.00   100.00   100.00   100.00   100.00   100.00   100.00   100.00   100.00   100.00   100.00   999.80   999.80   999.80   999.80   999.80   999.80   999.80   999.80   999.80   999.80   999.50
 117.878   100.00     0.00   100.00   100.00   100.00   100.00   100.00   100.00   100.00   100.00   100.00   100.00   999.80   999.80   999.80   999.80   999.80   999.80   999.80   999.80   999.80   999.80   999.50
 118.019   100.00     0.00   100.00   100.00   100.00   100.00   100.00   100.00   100.00   100.00   100.00   100.00   999.80   999.80   999.80   999.80   999.80   999.80   999.80   999.80   999.80   999.80   999.50
 118.160   100.00     0.00   100.00   100.00   100.00   100.00   100.00   100.00   100.00   100.00   100.00   100.00   999.80   999.80   999.80   999.80   999.80   999.80   999.80   999.80   999.80   999.80   999.50
 118.300   100.00    51.09   100.00   100.00    51.09   100.00   100.00   100.00   100.00   100.00   100.00   100.00   999.80   999.80    31.54   999.80   999.80   999.80   999.80   999.80   999.80   999.80   999.50
 118.441   -90.22     0.00   100.00   100.00   100.00   100.00   100.00   100.00   100.00   100.00   100.00   100.00   999.80   999.80   999.80   999.80   999.80   999.80   999.80   999.80   999.80   999.80    28.24
 118.582   100.00     0.00   100.00   100.00   100.00   100.00   100.00   100.00   100.00   100.00   100.00   100.00   999.80   999.80   999.80   999.80   999.80   999.80   999.80   999.80   999.80   999.80   999.50
 118.723   -27.24     0.00   100.00   100.00   100.00   100.00   100.00   100.00   100.00   100.00   100.00   100.00   999.80   999.80   999.80   999.80   999.80   999.80   999.80   999.80   999.80   999.80    32.57
 118.864   100.00     0.00   100.00   100.00   100.00   100.00   100.00   100.00   100.00   100.00   100.00   100.00   999.80   999.80   999.80   999.80   999.80   999.80   999.80   999.80   999.80   999.80   999.50
 119.005   100.00     0.00   100.00   100.00   100.00   100.00   100.00   100.00   100.00   100.00   100.00   100.00   999.80   999.80   999.80   999.80   999.80   999.80   999.80   999.80   999.80   999.80   999.50
 119.146   100.00     0.00   100.00   100.00   100.00   100.00   100.00   100.00   100.00   100.00   100.00   100.00   999.80   999.80   999.80   999.80   999.80   999.80   999.80   999.80   999.80   999.80   999.50
 119.286   100.00   -35.74   100.00   -48.52   100.00   100.00   100.00   100.00   100.00   -15.67   100.00   100.00   999.80   107.88   999.80   999.80   999.80   999.80   999.80   137.57   999.80   999.80   999.50
 119.427   100.00     0.00   100.00   100.00   100.00   100.00   100.00   100.00   100.00   100.00   100.00   100.00   999.80   999.80   999.80   999.80   999.80   999.80   999.80   999.80   999.80   999.80   999.50
 119.568   100.00     0.00   100.00   100.00   100.00   100.00   100.00   100.00   100.00   100.00   100.00   100.00   999.80   999.80   999.80   999.80   999.80   999.80   999.80   999.80   999.80   999.80   999.50
